1;ВЫБОРГСКИЙ;101021204;ВЕРХНЕЧЕРКАСОВО;24;3;1
1;ВЫБОРГСКИЙ;101021609;ВОЗРОЖДЕНИЕ;24;3;1
1;ВЫБОРГСКИЙ;101020907;ГАВРИЛОВО;24;3;1
1;ВЫБОРГСКИЙ;101021702;КАМЕННОГОРСК;24;3;1
1;ВЫБОРГСКИЙ;101020803;КИРИЛЛОВСКОЕ;24;4;1
1;ВЫБОРГСКИЙ;101020818;ЛЕЙПЯСУО (ОП);24;3;1
1;ВЫБОРГСКИЙ;101020409;ПРИБЫЛОВО;24;3;1
1;ВЫБОРГСКИЙ;101020305;ПРИМОРСК;24;2;1
2;ГАТЧИНСКО-ТОСНЕНСКИЙ;101032406;АНТРОПШИНО;24;2;1
2;ГАТЧИНСКО-ТОСНЕНСКИЙ;101059004;ВЫРИЦА;24;2;1
2;ГАТЧИНСКО-ТОСНЕНСКИЙ;101034007;ГАТЧИНА-ТОВ.-БАЛТ.;24;4;1
2;ГАТЧИНСКО-ТОСНЕНСКИЙ;101034308;КРАСНОЕ СЕЛО;24;4;1
2;ГАТЧИНСКО-ТОСНЕНСКИЙ;101032302;НОВОЛИСИНО;24;3;1
2;ГАТЧИНСКО-ТОСНЕНСКИЙ;101032508;ПАВЛОВСК;24;3;1
2;ГАТЧИНСКО-ТОСНЕНСКИЙ;101613010;РАЗ;24;0;8
2;ГАТЧИНСКО-ТОСНЕНСКИЙ;101072507;СИВЕРСКАЯ;24;3;1
2;ГАТЧИНСКО-ТОСНЕНСКИЙ;101031302;ТОСНО;24;3;1
3;КАНДАЛАКШСКИЙ;101014709;АЛАКУРТИ;24;4;1
3;КАНДАЛАКШСКИЙ;101015701;АПАТИТЫ 1;24;3;1
3;КАНДАЛАКШСКИЙ;101015608;АФРИКАНДА;24;3;1
3;КАНДАЛАКШСКИЙ;101014802;БЕЛОЕ МОРЕ;24;2;1
3;КАНДАЛАКШСКИЙ;101014906;КАНДАЛАКША;24;4;1
3;КАНДАЛАКШСКИЙ;101014408;КНЯЖАЯ;24;3;1
3;КАНДАЛАКШСКИЙ;101014611;НЯМ-ОЗЕРО;24;4;1
3;КАНДАЛАКШСКИЙ;101015504;ПОЛЯРНЫЕ ЗОРИ;24;1;1
3;КАНДАЛАКШСКИЙ;101690017;РАЗ;24;0;41
3;КАНДАЛАКШСКИЙ;101943701;РАЗ;24;0;16
4;ТВЕРСКОЙ;101062702;ВЫШНИЙ ВОЛОЧЕК;24;4;1
4;ТВЕРСКОЙ;101061305;ЗАВИДОВО;24;3;1
4;ТВЕРСКОЙ;101060904;КЛИН;24;5;1
4;ТВЕРСКОЙ;101060800;ПОДСОЛНЕЧНАЯ;24;4;1
4;ТВЕРСКОЙ;101712875;РАЗ;24;0;42
4;ТВЕРСКОЙ;101713007;РАЗ;24;0;42
4;ТВЕРСКОЙ;101713115;РАЗ;24;0;42
4;ТВЕРСКОЙ;101713399;РАЗ;24;0;42
4;ТВЕРСКОЙ;101713933;РАЗ;24;0;42
4;ТВЕРСКОЙ;101062401;СПИРОВО;24;3;1
4;ТВЕРСКОЙ;101061502;ТВЕРЬ;24;5;1
5;КЕМСКО-БЕЛОМОРСКИЙ;101013000;БЕЛОМОРСК;24;4;1
5;КЕМСКО-БЕЛОМОРСКИЙ;101012741;ВЫГ;24;3;1
5;КЕМСКО-БЕЛОМОРСКИЙ;101013208;КЕМЬ;24;5;1
5;КЕМСКО-БЕЛОМОРСКИЙ;101012008;КОЧКОМА;24;3;1
5;КЕМСКО-БЕЛОМОРСКИЙ;101012205;ЛЕТНИЙ;24;2;1
5;КЕМСКО-БЕЛОМОРСКИЙ;101011819;МАЙ-ГУБА;24;2;1
5;КЕМСКО-БЕЛОМОРСКИЙ;101011908;НАДВОЙЦЫ;24;2;1
5;КЕМСКО-БЕЛОМОРСКИЙ;101012309;СОСНОВЕЦ;24;3;1
6;ЛУЖСКИЙ;101071400;ВЛАДИМИРСКИЙ ЛАГЕРЬ;24;4;1
6;ЛУЖСКИЙ;101072301;ДИВЕНСКАЯ;24;3;1
6;ЛУЖСКИЙ;101072009;ЛУГА 1;24;4;1
6;ЛУЖСКИЙ;101072013;ЛУГА 2;24;3;1
6;ЛУЖСКИЙ;101072206;МШИНСКАЯ;24;3;1
6;ЛУЖСКИЙ;101071608;ПЛЮССА;24;3;1
6;ЛУЖСКИЙ;101071504;СТРУГИ КРАСНЫЕ;24;4;1
7;МУРМАНСКО-ПЕЧЕНГСКИЙ;101016920;ВЫХОДНОЙ;22;3;1
7;МУРМАНСКО-ПЕЧЕНГСКИЙ;101017001;КОЛА;22;5;1
7;МУРМАНСКО-ПЕЧЕНГСКИЙ;101017904;ЛУОСТАРИ;22;4;1
7;МУРМАНСКО-ПЕЧЕНГСКИЙ;101017105;МУРМАШИ;22;3;1
7;МУРМАНСКО-ПЕЧЕНГСКИЙ;101018201;НИКЕЛЬ-МУРМАНСКИЙ;22;2;1
7;МУРМАНСКО-ПЕЧЕНГСКИЙ;101018004;ПЕЧЕНГА (ОП);22;2;1
7;МУРМАНСКО-ПЕЧЕНГСКИЙ;101016901;ШОНГУЙ;22;3;1
8;ЛИХОСЛАВСКИЙ;101063809;ВЫСОКОЕ;21;4;1
8;ЛИХОСЛАВСКИЙ;101061907;КУЛИЦКАЯ;21;3;1
8;ЛИХОСЛАВСКИЙ;101062100;ЛИХОСЛАВЛЬ;21;4;1
8;ЛИХОСЛАВСКИЙ;101063705;СТАРИЦА;21;4;1
8;ЛИХОСЛАВСКИЙ;101064201;ТЕРЕШКИНО;21;2;1
8;ЛИХОСЛАВСКИЙ;101064106;ТОРЖОК;21;4;1
9;ПЕТРОЗАВОДСКИЙ;101010205;ГОЛИКОВКА;26;4;1
9;ПЕТРОЗАВОДСКИЙ;101010708;КОНДОПОГА;26;4;1
9;ПЕТРОЗАВОДСКИЙ;101010820;ЛИЖМА;26;2;1
9;ПЕТРОЗАВОДСКИЙ;101010002;ПЕТРОЗАВОДСК-ТОВАРНЫЙ;26;4;1
9;ПЕТРОЗАВОДСКИЙ;101010500;СУНА;26;2;1
9;ПЕТРОЗАВОДСКИЙ;101010303;ТОМИЦЫ;26;4;1
9;ПЕТРОЗАВОДСКИЙ;101025309;ЧАЛНА-ОНЕЖСКАЯ;26;3;1
9;ПЕТРОЗАВОДСКИЙ;101010407;ШУЙСКАЯ;26;3;1
10;ЮШКОЗЕРО-МУЕЗЕРСКИЙ;101028307;БОРОВАЯ;13;2;1
10;ЮШКОЗЕРО-МУЕЗЕРСКИЙ;101027709;ЛЕДМОЗЕРО;13;3;1
10;ЮШКОЗЕРО-МУЕЗЕРСКИЙ;101027605;МУЕЗЕРКА;13;4;1
10;ЮШКОЗЕРО-МУЕЗЕРСКИЙ;101028400;ЮШКОЗЕРО;13;4;1
12;ВИЛЬНЮССКИЙ;101110802;БЯЗДОНИС;22;0;27
12;ВИЛЬНЮССКИЙ;101121608;ВАРЕНА;22;0;27
12;ВИЛЬНЮССКИЙ;101120005;ВИЛЬНЮС;22;0;27
12;ВИЛЬНЮССКИЙ;101120700;КИРТИМАЙ;22;0;27
12;ВИЛЬНЮССКИЙ;101120402;НАУЙОЙИ ВИЛЬНЯ;22;0;27
12;ВИЛЬНЮССКИЙ;101111006;ПАБРАДЕ;22;0;27
12;ВИЛЬНЮССКИЙ;101122405;РУДИШКЕС;22;0;27
13;ДОБЕЛЬСКИЙ;101098206;ВЕНТСПИЛС;23;0;26
13;ДОБЕЛЬСКИЙ;101093005;ГАРДЕНЕ;23;0;26
13;ДОБЕЛЬСКИЙ;101092905;ДОБЕЛЕ;23;0;26
13;ДОБЕЛЬСКИЙ;101091809;ЕЛГАВА;23;0;26
13;ДОБЕЛЬСКИЙ;101096107;ЛИЛАСТЕ;23;0;26
13;ДОБЕЛЬСКИЙ;101095509;РОПАЖИ;23;0;26
13;ДОБЕЛЬСКИЙ;101093306;САЛДУС;23;0;26
14;КАУНАССКИЙ;101123605;АЛИТУС;30;0;27
14;КАУНАССКИЙ;101124504;ГАЙЖЮНАЙ;30;0;27
14;КАУНАССКИЙ;101124701;ИОНАВА;30;0;27
14;КАУНАССКИЙ;101123906;КАЛВАРИЯ;30;0;27
14;КАУНАССКИЙ;101124608;КАЛЬНЕНАЙ;30;0;27
14;КАУНАССКИЙ;101123107;КАУНАС;30;0;27
14;КАУНАССКИЙ;101125009;КЕДАЙНЯЙ;30;0;27
14;КАУНАССКИЙ;101124006;МАРИЯМПОЛЕ;30;0;27
14;КАУНАССКИЙ;101123200;МАУРУЧЯЙ;30;0;27
15;КЛАЙПЕДСКИЙ;101108003;КЛАЙПЕДА;23;0;27
15;КЛАЙПЕДСКИЙ;101107809;КРЯТИНГА;23;0;27
15;КЛАЙПЕДСКИЙ;101107833;КРЯТИНГАЛЕ;23;0;27
15;КЛАЙПЕДСКИЙ;101107413;ЛЕПЛАУКЕ;23;0;27
15;КЛАЙПЕДСКИЙ;101107509;ПЛУНГЕ;23;0;27
15;КЛАЙПЕДСКИЙ;101108501;ПРЕКУЛЕ;23;0;27
15;КЛАЙПЕДСКИЙ;101108408;РИМКАЙ;23;0;27
15;КЛАЙПЕДСКИЙ;101107405;ТЯЛЬШЯЙ;23;0;27
16;ТАЛЛИНСКИЙ;101082602;АЭГВИЙДУ;22;0;25
16;ТАЛЛИНСКИЙ;101080700;ВАЗАЛЕММА;22;0;25
16;ТАЛЛИНСКИЙ;101080804;КЕЙЛА;22;0;25
16;ТАЛЛИНСКИЙ;101081008;КЛООГА;22;0;25
16;ТАЛЛИНСКИЙ;101082405;РААЗИКУ;22;0;25
16;ТАЛЛИНСКИЙ;101080607;РИЙЗИПЕРЕ;22;0;25
16;ТАЛЛИНСКИЙ;101081402;ТАЛЛИНН;22;0;25
16;ТАЛЛИНСКИЙ;101080202;ХААПСАЛУ;22;0;25
18;БОРИСОВСКИЙ;101141406;БОРИСОВ;28;0;28
18;БОРИСОВСКИЙ;101140901;ГОРОДИЩЕ;28;0;28
18;БОРИСОВСКИЙ;101141302;ЖОДИНО;28;0;28
18;БОРИСОВСКИЙ;101140808;КОЛОДИЩИ;28;0;28
18;БОРИСОВСКИЙ;101141209;КРАСНОЕ ЗНАМЯ;28;0;28
18;БОРИСОВСКИЙ;101141500;НОВОСАДЫ;28;0;28
18;БОРИСОВСКИЙ;101140704;ОЗЕРИЩЕ;28;0;28
18;БОРИСОВСКИЙ;101141317;ПРОЛЕТАРСКАЯ ПОБЕДА (ОП);28;0;28
18;БОРИСОВСКИЙ;101141001;СМОЛЕВИЧИ;28;0;28
19;БРЕСТСКИЙ;101130204;БРЕСТ-ВОСТОЧНЫЙ;49;0;28
19;БРЕСТСКИЙ;101130308;БРЕСТ-ПОЛЕССКИЙ;49;0;28
19;БРЕСТСКИЙ;101130100;БРЕСТ-СЕВЕРНЫЙ;49;0;28
19;БРЕСТСКИЙ;101130007;БРЕСТ-ЦЕНТРАЛЬНЫЙ ППР;49;0;28
19;БРЕСТСКИЙ;101131724;ВЕРБА (ОП);49;0;28
19;БРЕСТСКИЙ;101131705;ВЫСОКО-ЛИТОВСК;49;0;28
19;БРЕСТСКИЙ;101132500;ЗАКРУТИН;49;0;28
19;БРЕСТСКИЙ;101132604;МАЛОРИТО;49;0;28
19;БРЕСТСКИЙ;101130401;МОТЫКАЛЫ;49;0;28
20;ВИТЕБСКИЙ;101160002;ВИТЕБСК;29;0;28
20;ВИТЕБСКИЙ;101165720;ВЫДРЕЯ (ОП);29;0;28
20;ВИТЕБСКИЙ;101160604;ГОРОДОК;29;0;28
20;ВИТЕБСКИЙ;101165754;ЗАБОЛОТИНКА;29;0;28
20;ВИТЕБСКИЙ;101160021;КНЯЖИЦА;29;0;28
20;ВИТЕБСКИЙ;101165735;КРЫНКИ;29;0;28
20;ВИТЕБСКИЙ;101160322;ЛОСВИДА;29;0;28
20;ВИТЕБСКИЙ;101160708;ПРУДОК;29;0;28
20;ВИТЕБСКИЙ;101160040;СТАРОЕ СЕЛО;29;0;28
21;ГОМЕЛЬСКИЙ;101150000;ГОМЕЛЬ;30;0;28
21;ГОМЕЛЬСКИЙ;101154459;ДЕМЕХИ;30;0;28
21;ГОМЕЛЬСКИЙ;101150509;ДОБРУШ;30;0;28
21;ГОМЕЛЬСКИЙ;101150208;НОВОБЕЛИЦКАЯ;30;0;28
21;ГОМЕЛЬСКИЙ;101154872;ПРИБОР;30;0;28
21;ГОМЕЛЬСКИЙ;101154800;РЕЧИЦА;30;0;28
21;ГОМЕЛЬСКИЙ;101155305;УЗА;30;0;28
21;ГОМЕЛЬСКИЙ;101154834;ЯКИМОВКА;30;0;28
22;ГРОДНЕНСКИЙ;101135301;АУЛЬС;25;0;28
22;ГРОДНЕНСКИЙ;101135104;БРУЗГИ;25;0;28
22;ГРОДНЕНСКИЙ;101135208;ГРОДНО ППР;25;0;28
22;ГРОДНЕНСКИЙ;101135335;ЖИДОМЛЯ;25;0;28
22;ГРОДНЕНСКИЙ;101134703;ЛОСОСНА;25;0;28
22;ГРОДНЕНСКИЙ;101137203;МОСТЫ;25;0;28
22;ГРОДНЕНСКИЙ;101135405;СКИДЕЛЬ;25;0;28
23;ЖЛОБИНСКИЙ;101155201;БУДА-КОШЕЛЕВСКАЯ;28;0;28
23;ЖЛОБИНСКИЙ;101156100;БЫХОВ;28;0;28
23;ЖЛОБИНСКИЙ;101155004;ЖЛОБИН;28;0;28
23;ЖЛОБИНСКИЙ;101148000;КРАСНЫЙ БЕРЕГ;28;0;28
23;ЖЛОБИНСКИЙ;101155907;РОГАЧЕВ;28;0;28
23;ЖЛОБИНСКИЙ;101155112;САЛТАНОВКА;28;0;28
23;ЖЛОБИНСКИЙ;101154209;СВЕТЛОГОРСК-НА-БЕРЕЗИНЕ;28;0;28
23;ЖЛОБИНСКИЙ;101156007;ТОЩИЦА;28;0;28
23;ЖЛОБИНСКИЙ;101155061;ХАЛЬЧ;28;0;28
24;КАЛИНКОВИЧСКИЙ;101154406;ВАСИЛЕВИЧИ;26;0;28
24;КАЛИНКОВИЧСКИЙ;101153850;ГОЛЕВИЦЫ;26;0;28
24;КАЛИНКОВИЧСКИЙ;101154105;ГОРОЧИЧИ;26;0;28
24;КАЛИНКОВИЧСКИЙ;101153808;КАЛИНКОВИЧИ;26;0;28
24;КАЛИНКОВИЧСКИЙ;101153723;КАЦУРЫ (РЗД);26;0;28
24;КАЛИНКОВИЧСКИЙ;101153600;МУЛЯРОВКА;26;0;28
24;КАЛИНКОВИЧСКИЙ;101153884;НАХОВ;26;0;28
24;КАЛИНКОВИЧСКИЙ;101154143;ОСТАНКОВИЧИ;26;0;28
24;КАЛИНКОВИЧСКИЙ;101153704;ПТИЧЬ;26;0;28
24;КАЛИНКОВИЧСКИЙ;101154124;ХОЛОДНИКИ;26;0;28
24;КАЛИНКОВИЧСКИЙ;101154001;ЮШКИ;26;0;28
25;КРУЛЕВЩИЗНЕНСКИЙ;101163802;БУДСЛАВ;26;0;28
25;КРУЛЕВЩИЗНЕНСКИЙ;101164408;ВОРОПАЕВО;26;0;28
25;КРУЛЕВЩИЗНЕНСКИЙ;101164906;ГЛУБОКОЕ;26;0;28
25;КРУЛЕВЩИЗНЕНСКИЙ;101165148;ЗАГАТЬЕ;26;0;28
25;КРУЛЕВЩИЗНЕНСКИЙ;101165114;ЗЯБКИ;26;0;28
25;КРУЛЕВЩИЗНЕНСКИЙ;101164003;КРУЛЕВЩИЗНА;26;0;28
25;КРУЛЕВЩИЗНЕНСКИЙ;101164427;НОВОДРУЦК (ОП);26;0;28
25;КРУЛЕВЩИЗНЕНСКИЙ;101163903;ПАРАФЬЯНОВ;26;0;28
25;КРУЛЕВЩИЗНЕНСКИЙ;101164304;ПОСТАВЫ;26;0;28
25;КРУЛЕВЩИЗНЕНСКИЙ;101164802;ШАРКОВЩИЗНА;26;0;28
26;ЛУНИНЕЦКИЙ;101132801;ГОРОДЕЦ;29;0;28
26;ЛУНИНЕЦКИЙ;101132905;ДРОГИЧИН;29;0;28
26;ЛУНИНЕЦКИЙ;101139463;ДЯТЛОВИЧИ;29;0;28
26;ЛУНИНЕЦКИЙ;101132708;КОБРИН;29;0;28
26;ЛУНИНЕЦКИЙ;101151906;ЛАХВА;29;0;28
26;ЛУНИНЕЦКИЙ;101139406;ЛУНИНЕЦ;29;0;28
26;ЛУНИНЕЦКИЙ;101133400;ПАРОХОНСК;29;0;28
26;ЛУНИНЕЦКИЙ;101133202;ПИНСК;29;0;28
26;ЛУНИНЕЦКИЙ;101133113;ЮХНОВИЧИ;29;0;28
26;ЛУНИНЕЦКИЙ;101133109;ЯНОВ-ПОЛЕССКИЙ;29;0;28
27;МИНСКИЙ;101138600;ГОРОДЕЯ;26;0;28
27;МИНСКИЙ;101143651;ЖДАНОВИЧИ;26;0;28
27;МИНСКИЙ;101144508;КОЙДАНОВО;26;0;28
27;МИНСКИЙ;101144809;КОЛЯДИЧИ;26;0;28
27;МИНСКИЙ;101140304;МИНСК-ВОСТОЧНЫЙ;26;0;28
27;МИНСКИЙ;101140206;МИНСК-ПАССАЖИРСКИЙ;26;0;28
27;МИНСКИЙ;101140507;МИНСК-ЮЖНЫЙ;26;0;28
27;МИНСКИЙ;101145002;МИХАНОВИЧИ;26;0;28
27;МИНСКИЙ;101144404;НЕГОРЕЛОЕ;26;0;28
27;МИНСКИЙ;101138550;ПОГОРЕЛЬЦЫ;26;0;28
27;МИНСКИЙ;101143632;РАТОМКА;26;0;28
27;МИНСКИЙ;101145303;РУДЕНСК;26;0;28
27;МИНСКИЙ;101138704;СТОЛБЦЫ;26;0;28
27;МИНСКИЙ;101144601;ФАНИПОЛЬ;26;0;28
28;МОЛОДЕЧЕНСКИЙ;101163602;ВИЛЕЙКА;32;0;28
28;МОЛОДЕЧЕНСКИЙ;101162607;ВОЛОЖИН;32;0;28
28;МОЛОДЕЧЕНСКИЙ;101163405;ЗАЛЕСЬЕ;32;0;28
28;МОЛОДЕЧЕНСКИЙ;101163706;КНЯГИНИН;32;0;28
28;МОЛОДЕЧЕНСКИЙ;101162900;МОЛОДЕЧНО;32;0;28
28;МОЛОДЕЧЕНСКИЙ;101142409;ОЛЕХНОВИЧИ;32;0;28
28;МОЛОДЕЧЕНСКИЙ;101162703;ПОЛОЧАНЫ;32;0;28
28;МОЛОДЕЧЕНСКИЙ;101163509;ПРУДЫ;32;0;28
28;МОЛОДЕЧЕНСКИЙ;101143505;РАДОШКОВИЧИ;32;0;28
28;МОЛОДЕЧЕНСКИЙ;101163301;СМОРГОНЬ;32;0;28
28;МОЛОДЕЧЕНСКИЙ;101163208;СОЛЫ;32;0;28
28;МОЛОДЕЧЕНСКИЙ;101142305;УША;32;0;28
29;МОГИЛЕВСКИЙ;101157404;ВЕНДРИЖ;30;0;28
29;МОГИЛЕВСКИЙ;101157508;ГОЛЫНЕЦ;30;0;28
29;МОГИЛЕВСКИЙ;101157718;ДАРЫ (ОП);30;0;28
29;МОГИЛЕВСКИЙ;101157300;ДРУТЬ;30;0;28
29;МОГИЛЕВСКИЙ;101156908;КОПЫСЬ;30;0;28
29;МОГИЛЕВСКИЙ;101156505;МОГИЛЕВ 1-НА-ДНЕПРЕ;30;0;28
29;МОГИЛЕВСКИЙ;101156609;МОГИЛЕВ 2-НА-ДНЕПРЕ;30;0;28
29;МОГИЛЕВСКИЙ;101158002;ЧАУСЫ;30;0;28
29;МОГИЛЕВСКИЙ;101156806;ШКЛОВ;30;0;28
30;ОРШАНСКИЙ;101141800;БОБР;32;0;28
30;ОРШАНСКИЙ;101168606;БУРБИН;32;0;28
30;ОРШАНСКИЙ;101142019;ВЫДЕРЩИНА (ОП);32;0;28
30;ОРШАНСКИЙ;101168201;ЗАСЛОНОВО;32;0;28
30;ОРШАНСКИЙ;101142108;КОХАНОВО;32;0;28
30;ОРШАНСКИЙ;101141707;КРУПКИ;32;0;28
30;ОРШАНСКИЙ;101168108;ЛЕПЕЛЬ;32;0;28
30;ОРШАНСКИЙ;101166704;ОРША-ВОСТОЧНАЯ;32;0;28
30;ОРШАНСКИЙ;101166507;ОРША-ЗАПАДНАЯ;32;0;28
30;ОРШАНСКИЙ;101166403;ОРША-ЦЕНТРАЛЬНАЯ;32;0;28
30;ОРШАНСКИЙ;101141603;ПРИЯМИНО;32;0;28
30;ОРШАНСКИЙ;101168700;СМОЛЬЯНЫ;32;0;28
30;ОРШАНСКИЙ;101142004;ТОЛОЧИН;32;0;28
30;ОРШАНСКИЙ;101168305;ЧАШНИКИ;32;0;28
31;ОСИПОВИЧСКИЙ;101147703;БЕРЕЗИНА;40;0;28
31;ОСИПОВИЧСКИЙ;101147008;БОБРУЙСК;40;0;28
31;ОСИПОВИЧСКИЙ;101146109;ВЕРЕЙЦЫ;40;0;28
31;ОСИПОВИЧСКИЙ;101146202;ЛАПИЧИ;40;0;28
31;ОСИПОВИЧСКИЙ;101146908;МИРАДИНО;40;0;28
31;ОСИПОВИЧСКИЙ;101146407;ОСИПОВИЧИ 1;40;0;28
31;ОСИПОВИЧСКИЙ;101146414;ОСИПОВИЧИ 2;40;0;28
31;ОСИПОВИЧСКИЙ;101145407;ПУХОВИЧИ;40;0;28
31;ОСИПОВИЧСКИЙ;101146700;ТАТАРКА;40;0;28
31;ОСИПОВИЧСКИЙ;101147807;ТЕЛУША;40;0;28
32;ОБУЗ-ЛЕСНОВСКИЙ;101133700;БЕРЕЗА-КАРТУСКАЯ;24;0;28
32;ОБУЗ-ЛЕСНОВСКИЙ;101134008;БРОННАЯ ГОРА;24;0;28
32;ОБУЗ-ЛЕСНОВСКИЙ;101134506;ГРИЦЕВЕЦ;24;0;28
32;ОБУЗ-ЛЕСНОВСКИЙ;101134309;ДОМАНОВО;24;0;28
32;ОБУЗ-ЛЕСНОВСКИЙ;101134205;ИВАЦЕВИЧИ;24;0;28
32;ОБУЗ-ЛЕСНОВСКИЙ;101134402;ЛЕСНАЯ;24;0;28
32;ОБУЗ-ЛЕСНОВСКИЙ;101133607;ОРАНЧИЦЫ;24;0;28
33;СЛОНИМСКИЙ;101136249;АНДРЕЕВИЧИ;28;0;28
33;СЛОНИМСКИЙ;101136713;ВОЛКОВЫСК-ГОРОД;28;0;28
33;СЛОНИМСКИЙ;101136709;ВОЛКОВЫСК-ЦЕНТРАЛЬНЫЙ ППР;28;0;28
33;СЛОНИМСКИЙ;101136802;ЗЕЛЬВА;28;0;28
33;СЛОНИМСКИЙ;101136747;ЛЕБЯДЫ (РЗД);28;0;28
33;СЛОНИМСКИЙ;101136906;ОЗЕРНИЦА;28;0;28
33;СЛОНИМСКИЙ;101137101;ПОЛОНКА;28;0;28
33;СЛОНИМСКИЙ;101137006;СЛОНИМ;28;0;28
34;СЛУЦКИЙ;101139001;КЛЕЦК;24;0;28
34;СЛУЦКИЙ;101148617;НОВОДВОРЦЫ;24;0;28
34;СЛУЦКИЙ;101139800;РЕЙТАНОВ;24;0;28
34;СЛУЦКИЙ;101139139;СЕРЕДНЯКИ (ОП);24;0;28
34;СЛУЦКИЙ;101148602;СЛУЦК;24;0;28
34;СЛУЦКИЙ;101149107;СТАРЫЕ ДОРОГИ;24;0;28
34;СЛУЦКИЙ;101139105;ТИМКОВИЧИ;24;0;28
34;СЛУЦКИЙ;101149003;УРЕЧЬЕ;24;0;28
35;ПОЛОЦКИЙ;101162008;АДАМОВО;32;0;28
35;ПОЛОЦКИЙ;101162101;БАРАВУХА;32;0;28
35;ПОЛОЦКИЙ;101161202;ГОРЯНЫ;32;0;28
35;ПОЛОЦКИЙ;101161503;ДРЕТУНЬ;32;0;28
35;ПОЛОЦКИЙ;101160910;ЛОВША;32;0;28
35;ПОЛОЦКИЙ;101161109;ОБОЛЬ;32;0;28
35;ПОЛОЦКИЙ;101161255;ПОЛОТА;32;0;28
35;ПОЛОЦКИЙ;101161306;ПОЛОЦК;32;0;28
35;ПОЛОЦКИЙ;101165203;ФАРИНОВО;32;0;28
35;ПОЛОЦКИЙ;101160905;ШУМИЛИНО;32;0;28
36;ЛИДСКИЙ;101137805;БАСТУНЫ;29;0;28
36;ЛИДСКИЙ;101162506;БОГДАНОВ;29;0;28
36;ЛИДСКИЙ;101162309;ГАВЬЯ;29;0;28
36;ЛИДСКИЙ;101138009;ГУТНО;29;0;28
36;ЛИДСКИЙ;101137608;ЛИДА;29;0;28
36;ЛИДСКИЙ;101138102;НЕМАН;29;0;28
36;ЛИДСКИЙ;101137400;РОЖАНКА;29;0;28
36;ЛИДСКИЙ;101137504;СКРИБОВЦЫ;29;0;28
36;ЛИДСКИЙ;101162402;ЮРАТИШКИ;29;0;28
37;БЕЛЕВСКИЙ;101213708;АРСЕНЬЕВО;25;2;3
37;БЕЛЕВСКИЙ;101213500;БЕЛЕВ;25;4;3
37;БЕЛЕВСКИЙ;101215027;ВЫПОЛЗОВО;25;2;3
37;БЕЛЕВСКИЙ;101213407;КИРЕЕВСКАЯ;25;1;3
37;БЕЛЕВСКИЙ;101213604;МАНАЕНКИ;25;1;3
37;БЕЛЕВСКИЙ;101214306;ПЛАВСК;25;2;3
37;БЕЛЕВСКИЙ;101215101;ПОНОМАРЕВО;25;2;3
37;БЕЛЕВСКИЙ;101213303;СЛАГОВИЩИ;25;2;3
37;БЕЛЕВСКИЙ;101215205;ТЕПЛОЕ;25;1;3
37;БЕЛЕВСКИЙ;101213106;ТУПИК;25;2;3
37;БЕЛЕВСКИЙ;101215402;ЧЕРНЬ;25;2;3
37;БЕЛЕВСКИЙ;101214109;ЩЕКИНО;25;2;3
37;БЕЛЕВСКИЙ;101213905;ЯСНАЯ ПОЛЯНА;25;2;3
38;БРЯНСКИЙ;101200407;БЕЛЫЕ БЕРЕГА;19;2;3
38;БРЯНСКИЙ;101178400;ДУБРОВКА;19;2;3
38;БРЯНСКИЙ;101201109;ДЯТЬКОВО;19;2;3
38;БРЯНСКИЙ;101178504;ЖУКОВКА;19;3;3
38;БРЯНСКИЙ;101200500;КАРАЧЕВ;19;3;3
38;БРЯНСКИЙ;101179102;ОРДЖОНИКИДЗЕГРАД;19;2;3
38;БРЯНСКИЙ;101178909;РЖАНИЦА;19;1;3
38;БРЯНСКИЙ;101178307;СЕЩИНСКАЯ;19;2;3
38;БРЯНСКИЙ;101200905;ФОКИНО;19;2;3
39;ВЕРХОВЬЕВСКИЙ;101217516;БЛАГОДАТНАЯ;20;2;3
39;ВЕРХОВЬЕВСКИЙ;101217709;ВЕРХОВЬЕ;20;3;3
39;ВЕРХОВЬЕВСКИЙ;101217605;ЗАЛЕГОЩЬ;20;2;3
39;ВЕРХОВЬЕВСКИЙ;101218101;ИЗМАЛКОВО;20;2;3
39;ВЕРХОВЬЕВСКИЙ;101218203;КАЗАКИ;20;2;3
39;ВЕРХОВЬЕВСКИЙ;101218006;КРАСНАЯ ЗАРЯ;20;2;3
39;ВЕРХОВЬЕВСКИЙ;101218608;ЛИВНЫ 1;20;2;3
39;ВЕРХОВЬЕВСКИЙ;101218504;РУССКИЙ БРОД;20;2;3
39;ВЕРХОВЬЕВСКИЙ;101217906;ХОМУТОВО;20;3;3
40;ГОЛУТВИНСКИЙ;101195001;БРОННИЦЫ;25;3;3
40;ГОЛУТВИНСКИЙ;101194808;БЫКОВО;25;1;3
40;ГОЛУТВИНСКИЙ;101195209;ВИНОГРАДОВО;25;2;3
40;ГОЛУТВИНСКИЙ;101233805;ГОЛУТВИН;25;4;3
40;ГОЛУТВИНСКИЙ;101233400;ЕГОРЬЕВСК 1;25;2;3
40;ГОЛУТВИНСКИЙ;101234301;ЗАРАЙСК;25;2;3
40;ГОЛУТВИНСКИЙ;101234206;ЛУХОВИЦЫ;25;1;3
40;ГОЛУТВИНСКИЙ;101233701;ПЕСКИ;25;2;3
40;ГОЛУТВИНСКИЙ;101194901;РАМЕНСКОЕ;25;2;3
40;ГОЛУТВИНСКИЙ;101195105;ФАУСТОВО;25;2;3
40;ГОЛУТВИНСКИЙ;101234403;ФРУКТОВАЯ;25;2;3
40;ГОЛУТВИНСКИЙ;101234102;ЩУРОВО;25;2;3
41;ДОРОГОБУЖСКИЙ;101172809;ДОРОГОБУЖ;26;4;3
41;ДОРОГОБУЖСКИЙ;101172531;ДУРОВО;26;2;3
41;ДОРОГОБУЖСКИЙ;101173407;ИЗДЕШКОВО;26;2;3
41;ДОРОГОБУЖСКИЙ;101172103;КАРДЫМОВО;26;2;3
41;ДОРОГОБУЖСКИЙ;101172404;МИЛОХОВО;26;2;3
41;ДОРОГОБУЖСКИЙ;101173905;НОВОДУГИНСКАЯ;26;2;3
41;ДОРОГОБУЖСКИЙ;101172122;ПРИСЕЛЬСКАЯ;26;2;3
41;ДОРОГОБУЖСКИЙ;101172508;САФОНОВО;26;3;3
41;ДОРОГОБУЖСКИЙ;101172419;СВИЩЕВО (ОП);26;2;3
41;ДОРОГОБУЖСКИЙ;101173604;СЕМЛЕВО;26;2;3
41;ДОРОГОБУЖСКИЙ;101172300;ЯРЦЕВО;26;3;3
42;ДМИТРОВСКИЙ;101239002;БОЛЬШАЯ ВОЛГА;17;2;3
42;ДМИТРОВСКИЙ;101238809;ВЕРБИЛКИ;17;3;3
42;ДМИТРОВСКИЙ;101238404;ДМИТРОВ;17;3;3
42;ДМИТРОВСКИЙ;101238103;ИКША;17;1;3
42;ДМИТРОВСКИЙ;101237908;ЛОБНЯ;17;3;3
42;ДМИТРОВСКИЙ;101238601;ОРУДЬЕВО;17;1;3
42;ДМИТРОВСКИЙ;101239106;ТАЛДОМ-САВЕЛОВСКИЙ;17;3;3
42;ДМИТРОВСКИЙ;101238300;ЯХРОМА;17;1;3
43;СЕРГИЕВ-ПОСАДСКИЙ;101237007;АЛЕКСАНДРОВ;21;3;3
43;СЕРГИЕВ-ПОСАДСКИЙ;101237308;БЕЛЬКОВО;21;2;3
43;СЕРГИЕВ-ПОСАДСКИЙ;101236502;ЖЕЛТИКОВО;21;1;3
43;СЕРГИЕВ-ПОСАДСКИЙ;101237401;КИРЖАЧ;21;3;3
43;СЕРГИЕВ-ПОСАДСКИЙ;101236606;НАУГОЛЬНЫЙ;21;4;3
43;СЕРГИЕВ-ПОСАДСКИЙ;101235904;ПУШКИНО;21;3;3
43;СЕРГИЕВ-ПОСАДСКИЙ;101236305;СЕРГИЕВ-ПОСАД;21;3;3
43;СЕРГИЕВ-ПОСАДСКИЙ;101236201;ХОТЬКОВО;21;2;3
44;КАЛУЖСКИЙ;101184609;БАБЫНИНО;19;2;3
44;КАЛУЖСКИЙ;101184505;ВОРОТЫНСК;19;3;3
44;КАЛУЖСКИЙ;101189208;ГОВАРДОВО;19;3;3
44;КАЛУЖСКИЙ;101184806;КУДРИНСКАЯ;19;2;3
44;КАЛУЖСКИЙ;101189301;МЯТЛЕВСКАЯ;19;3;3
44;КАЛУЖСКИЙ;101189104;ПОЛОТНЯНЫЙ ЗАВОД;19;2;3
44;КАЛУЖСКИЙ;101188900;ПЯТОВСКАЯ;19;1;3
44;КАЛУЖСКИЙ;101187908;ФЕРЗИКОВО;19;3;3
45;КАШИРСКИЙ;101192709;БАРЫБИНО;24;3;3
45;КАШИРСКИЙ;101192802;БЕЛЫЕ СТОЛБЫ;24;2;3
45;КАШИРСКИЙ;101229509;БОГАТИЩЕВО;24;2;3
45;КАШИРСКИЙ;101192906;ДОМОДЕДОВО;24;2;3
45;КАШИРСКИЙ;101192200;ЖИЛЕВО;24;2;3
45;КАШИРСКИЙ;101191903;КАШИРА-ТОВАРНАЯ;24;2;3
45;КАШИРСКИЙ;101192639;МАЛИНО;24;1;3
45;КАШИРСКИЙ;101228402;МИХАЙЛОВ;24;3;3
45;КАШИРСКИЙ;101192605;МИХНЕВО;24;2;3
45;КАШИРСКИЙ;101228807;СЕРЕБРЯНЫЕ ПРУДЫ;24;2;3
45;КАШИРСКИЙ;101192501;СОТНИКОВО;24;2;3
45;КАШИРСКИЙ;101228703;ТРЕПОЛЬЕ;24;1;3
46;КУБИНСКИЙ;101175807;БОРОДИНО;26;2;3
46;КУБИНСКИЙ;101175402;ГАГАРИН;26;4;3
46;КУБИНСКИЙ;101182302;ГОЛИЦИНО;26;2;3
46;КУБИНСКИЙ;101183004;ДОРОХОВО;26;2;3
46;КУБИНСКИЙ;101182707;КУБИНКА 2;26;5;3
46;КУБИНСКИЙ;101181704;КУНЦЕВО 1;26;2;3
46;КУБИНСКИЙ;101183201;МОЖАЙСК;26;4;3
46;КУБИНСКИЙ;101182509;ПЕТЕЛИНО;26;2;3
46;КУБИНСКИЙ;101182904;ТУЧКОВО;26;2;3
46;КУБИНСКИЙ;101175604;УВАРОВКА;26;1;3
47;КУРСКИЙ;101217200;ВОЗЫ;26;3;3
47;КУРСКИЙ;101208004;ДЬЯКОНОВО;26;2;3
47;КУРСКИЙ;101217304;ЗОЛОТУХИНО;26;3;3
47;КУРСКИЙ;101209401;КШЕНЬ;26;2;3
47;КУРСКИЙ;101207904;ЛУКАШЕВКА;26;3;3
47;КУРСКИЙ;101208502;ОТРЕШКОВО;26;2;3
47;КУРСКИЙ;101208606;ОХОЧЕВКА;26;2;3
47;КУРСКИЙ;101217107;ПОНЫРИ;26;2;3
47;КУРСКИЙ;101217408;СВОБОДА;26;3;3
47;КУРСКИЙ;101209204;ЧЕРЕМИСИНОВО;26;2;3
47;КУРСКИЙ;101209007;ЩИГРЫ;26;2;3
48;КУРОВСКОЙ;101194704;ГЖЕЛЬ;16;2;3
48;КУРОВСКОЙ;101233364;ИЛЬИНСКИЙ ПОГОСТ;16;2;3
48;КУРОВСКОЙ;101232304;КРИВАНДИНО;16;1;3
48;КУРОВСКОЙ;101231805;КУРОВСКАЯ;16;1;3
48;КУРОВСКОЙ;101194206;ЛЮБЕРЦЫ 1;16;2;3
48;КУРОВСКОЙ;101194300;ЛЮБЕРЦЫ 2;16;3;3
48;КУРОВСКОЙ;101232709;РЯЗАНОВКА;16;1;3
48;КУРОВСКОЙ;101233106;ЧЕРУСТИ;16;1;3
48;КУРОВСКОЙ;101232107;ШАТУРА;16;2;3
48;КУРОВСКОЙ;101232003;ШАТУРТОРФ;16;1;3
49;ЛЬГОВСКИЙ;101205006;АРБУЗОВО;22;2;3
49;ЛЬГОВСКИЙ;101207302;ГЛУШКОВО;22;3;3
49;ЛЬГОВСКИЙ;101204802;ДЕРЮГИНО;22;3;3
49;ЛЬГОВСКИЙ;101204906;ДМИТРИЕВ-ЛЬГОВСКИЙ;22;2;3
49;ЛЬГОВСКИЙ;101205805;КОНЫШЕВКА;22;1;3
49;ЛЬГОВСКИЙ;101207406;КОРЕНЕВО;22;3;3
49;ЛЬГОВСКИЙ;101206206;ЛЬГОВ-КИЕВСКИЙ;22;2;3
49;ЛЬГОВСКИЙ;101206704;ПСЕЛ;22;3;3
49;ЛЬГОВСКИЙ;101206507;СУДЖА;22;3;3
50;МАНИХИНСКИЙ;101197609;ВОЛОКОЛАМСК;28;4;3
50;МАНИХИНСКИЙ;101197007;МАНИХИНО 1;28;3;3
50;МАНИХИНСКИЙ;101196606;НАХАБИНО;28;3;3
50;МАНИХИНСКИЙ;101197204;НОВОИЕРУСАЛИМСКАЯ;28;3;3
50;МАНИХИНСКИЙ;101196502;ПАВШИНО;28;2;3
50;МАНИХИНСКИЙ;101238207;ПОВАРОВО 2;28;6;3
50;МАНИХИНСКИЙ;101197401;РУМЯНЦЕВО;28;3;3
50;МАНИХИНСКИЙ;101196907;СНЕГИРИ;28;2;3
50;МАНИХИНСКИЙ;101197702;ШАХОВСКАЯ;28;2;3
51;МЫТИЩИНСКИЙ;101235001;БОЛШЕВО;16;3;3
51;МЫТИЩИНСКИЙ;101235707;МОНИНО;16;4;3
51;МЫТИЩИНСКИЙ;101234808;МЫТИЩИ;16;3;3
51;МЫТИЩИНСКИЙ;101235406;СОКОЛОВСКАЯ;16;2;3
51;МЫТИЩИНСКИЙ;101235507;ЩЕЛКОВО;16;4;3
52;НАРСКИЙ;101181009;АПРЕЛЕВКА;24;2;3
52;НАРСКИЙ;101183606;БАЛАБАНОВО;24;2;3
52;НАРСКИЙ;101180608;ВНУКОВО;24;2;3
52;НАРСКИЙ;101181403;КРЕСТЫ;24;2;3
52;НАРСКИЙ;101183907;МАЛОЯРОСЛАВЕЦ;24;3;3
52;НАРСКИЙ;101183305;НАРА;24;8;3
52;НАРСКИЙ;101181102;СЕЛЯТИНО;24;5;3
52;НАРСКИЙ;101184100;СУХОДРЕВ;24;2;3
52;НАРСКИЙ;101184204;ТИХОНОВА ПУСТЫНЬ;24;1;3
53;НОГИНСКИЙ;101231602;ДУЛЕВО;19;2;3
53;НОГИНСКИЙ;101230402;ЖЕЛЕЗНОДОРОЖНАЯ;19;1;3
53;НОГИНСКИЙ;101231000;НОГИНСК;19;3;3
53;НОГИНСКИЙ;101230008;ОРЕХОВО-ЗУЕВО;19;2;3
53;НОГИНСКИЙ;101231104;ПАВЛОВСКИЙ ПОСАД;19;2;3
53;НОГИНСКИЙ;101231509;ПОКРОВ;19;2;3
53;НОГИНСКИЙ;101231405;УСАД;19;1;3
53;НОГИНСКИЙ;101230807;ФРЯЗЕВО;19;2;3
53;НОГИНСКИЙ;101230703;ХРАПУНОВО;19;2;3
53;НОГИНСКИЙ;101230600;ЭЛЕКТРОУГЛИ;19;2;3
54;НОВОЗЫБКОВСКИЙ;101201402;ВЫГОНИЧИ;24;2;3
54;НОВОЗЫБКОВСКИЙ;101201804;ЖУДИЛОВО;24;2;3
54;НОВОЗЫБКОВСКИЙ;101202309;ЗЛЫНКА(ВЫШКОВ);24;3;3
54;НОВОЗЫБКОВСКИЙ;101202402;КЛИМОВ;24;2;3
54;НОВОЗЫБКОВСКИЙ;101202101;КЛИНЦЫ;24;4;3
54;НОВОЗЫБКОВСКИЙ;101201607;КРАСНЫЙ РОГ;24;1;3
54;НОВОЗЫБКОВСКИЙ;101202205;НОВОЗЫБКОВ;24;3;3
54;НОВОЗЫБКОВСКИЙ;101201700;ПОЧЕП;24;3;3
54;НОВОЗЫБКОВСКИЙ;101203104;СТАРОДУБ;24;2;3
54;НОВОЗЫБКОВСКИЙ;101202900;СУРАЖ;24;2;3
55;НАВЛИНСКИЙ;101204605;БРАСОВО;11;3;3
55;НАВЛИНСКИЙ;101204709;КОМАРИЧИ;11;2;3
55;НАВЛИНСКИЙ;101203803;НАВЛЯ;11;3;3
55;НАВЛИНСКИЙ;101204200;СУЗЕМКА;11;3;3
56;ОРЛОВСКИЙ;101216706;ЕРОПКИНО;25;1;3
56;ОРЛОВСКИЙ;101216800;ЗМИЕВКА;25;3;3
56;ОРЛОВСКИЙ;101217003;МАЛОАРХАНГЕЛЬСК;25;2;3
56;ОРЛОВСКИЙ;101217501;МОХОВАЯ;25;2;3
56;ОРЛОВСКИЙ;101215506;МЦЕНСК;25;4;3
56;ОРЛОВСКИЙ;101200708;НАРЫШКИНО;25;2;3
56;ОРЛОВСКИЙ;101215629;ОПТУХА (ОП);25;2;3
56;ОРЛОВСКИЙ;101215605;ОТРАДА;25;2;3
56;ОРЛОВСКИЙ;101216301;САХАНСКАЯ;25;3;3
56;ОРЛОВСКИЙ;101216602;СТАНОВОЙ КОЛОДЕЗЬ;25;1;3
56;ОРЛОВСКИЙ;101216020;СТИШЬ;25;1;3
56;ОРЛОВСКИЙ;101200604;ХОТЫНЕЦ;25;2;3
57;ПОДОЛЬСКИЙ;101191208;БУТОВО;20;2;3
57;ПОДОЛЬСКИЙ;101190807;ГРИВНО;20;1;3
57;ПОДОЛЬСКИЙ;101190900;ПОДОЛЬСК;20;5;3
57;ПОДОЛЬСКИЙ;101190205;СЕРПУХОВ;20;4;3
57;ПОДОЛЬСКИЙ;101190609;СТОЛБОВАЯ;20;2;3
57;ПОДОЛЬСКИЙ;101190506;ЧЕХОВ;20;3;3
57;ПОДОЛЬСКИЙ;101190402;ШАРАПОВА ОХОТА;20;2;3
57;ПОДОЛЬСКИЙ;101191104;ЩЕРБИНКА;20;1;3
58;РЯЗАНСКИЙ;101223606;БИРКИНО;25;1;3
58;РЯЗАНСКИЙ;101223201;ДЕНЕЖНИКОВО;25;1;3
58;РЯЗАНСКИЙ;101234600;ДИВОВО;25;0;3
58;РЯЗАНСКИЙ;101223705;КОРАБЛИНО;25;2;3
58;РЯЗАНСКИЙ;101221600;НАЗАРОВКА;25;2;3
58;РЯЗАНСКИЙ;101221808;НИЖНЕМАЛЬЦЕВО;25;2;3
58;РЯЗАНСКИЙ;101220805;ПРОНЯ;25;2;3
58;РЯЗАНСКИЙ;101222001;САСОВО;25;2;3
58;РЯЗАНСКИЙ;101223305;СТАРОЖИЛОВО;25;2;3
58;РЯЗАНСКИЙ;101223409;ХРУЩЕВО;25;2;3
58;РЯЗАНСКИЙ;101223502;ЧЕМОДАНОВКА;25;1;3
58;РЯЗАНСКИЙ;101221704;ЧУЧКОВО;25;2;3
58;РЯЗАНСКИЙ;101220909;ШЕЛУХОВО;25;2;3
58;РЯЗАНСКИЙ;101221102;ШИЛОВО;25;2;3
59;СМОЛЕНСКИЙ;101171100;ГНЕЗДОВО;28;2;3
59;СМОЛЕНСКИЙ;101171702;ГОЛЫНКИ;28;2;3
59;СМОЛЕНСКИЙ;101171308;ГУСИНО;28;2;3
59;СМОЛЕНСКИЙ;101170803;ЕЛЬНЯ;28;3;3
59;СМОЛЕНСКИЙ;101171632;КАТЫНЬ;28;1;3
59;СМОЛЕНСКИЙ;101171609;КРАСНЫЙ БОР;28;3;3
59;СМОЛЕНСКИЙ;101171121;КУПРИНО;28;2;3
59;СМОЛЕНСКИЙ;101171149;ЛЕЛЕКВИНСКАЯ;28;1;3
59;СМОЛЕНСКИЙ;101176800;ПОЧИНОК;28;2;3
59;СМОЛЕНСКИЙ;101171902;РУДНЯ;28;3;3
59;СМОЛЕНСКИЙ;101176602;РЯБЦЕВО;28;2;3
59;СМОЛЕНСКИЙ;101177003;СТОДОЛИШЕ;28;2;3
59;СМОЛЕНСКИЙ;101176903;ЭНГЕЛЬГАРДТОВСКАЯ;28;3;3
60;СКОПИНСКИЙ (ПАВЕЛЕЦКИЙ);101225601;БОБРИК-ДОНСКОЙ;25;2;3
60;СКОПИНСКИЙ (ПАВЕЛЕЦКИЙ);101212103;ДЕДИЛОВО;25;1;3
60;СКОПИНСКИЙ (ПАВЕЛЕЦКИЙ);101224609;ЖДАНКА;25;3;3
60;СКОПИНСКИЙ (ПАВЕЛЕЦКИЙ);101228101;ЖЕЛТУХИНО;25;3;3
60;СКОПИНСКИЙ (ПАВЕЛЕЦКИЙ);101227202;КИМОВСК;25;3;3
60;СКОПИНСКИЙ (ПАВЕЛЕЦКИЙ);101227503;КЛЕКОТКИ;25;2;3
60;СКОПИНСКИЙ (ПАВЕЛЕЦКИЙ);101227607;МИЛЛИОННАЯ;25;2;3
60;СКОПИНСКИЙ (ПАВЕЛЕЦКИЙ);101227700;ПАВЕЛЕЦ-СЫЗРАНСКИЙ;25;2;3
60;СКОПИНСКИЙ (ПАВЕЛЕЦКИЙ);101224505;ПОЛУНИНО;25;2;3
60;СКОПИНСКИЙ (ПАВЕЛЕЦКИЙ);101228008;СКОПИН;25;4;3
60;СКОПИНСКИЙ (ПАВЕЛЕЦКИЙ);101224702;ТОВАРКОВО;25;1;3
61;ТУЛЬСКИЙ;101212404;БЕРНИКИ;15;1;3
61;ТУЛЬСКИЙ;101211007;НЕКРАСОВО;15;1;3
61;ТУЛЬСКИЙ;101211100;ОБИДИМО;15;1;3
61;ТУЛЬСКИЙ;101210803;ПАХОМОВО;15;1;3
61;ТУЛЬСКИЙ;101210606;РЕВЯКИНО;15;1;3
61;ТУЛЬСКИЙ;101211204;СУХОДОЛ;15;1;3
61;ТУЛЬСКИЙ;101210907;ТАРУССКАЯ;15;1;3
61;ТУЛЬСКИЙ;101211122;ТЕСНИЦКОЕ;15;3;3
61;ТУЛЬСКИЙ;101212508;УПА;15;1;3
61;ТУЛЬСКИЙ;101210502;ХОМЯКОВО;15;2;3
61;ТУЛЬСКИЙ;101210708;ЯСНОГОРСК;15;2;3
62;ФАЯНСОВСКИЙ;101187503;БАРЯТИНСКАЯ;24;2;3
62;ФАЯНСОВСКИЙ;101186407;БЕТЛИЦА;24;2;3
62;ФАЯНСОВСКИЙ;101186002;ВОЙМИРОВО;24;2;3
62;ФАЯНСОВСКИЙ;101187310;ДАБУЖА;24;2;3
62;ФАЯНСОВСКИЙ;101185404;ДУМИНИЧИ;24;2;3
62;ФАЯНСОВСКИЙ;101185601;ЗИКЕЕВО;24;3;3
62;ФАЯНСОВСКИЙ;101185103;КОЗЕЛЬСК;24;3;3
62;ФАЯНСОВСКИЙ;101186801;ЛЮДИНОВО 1;24;4;3
62;ФАЯНСОВСКИЙ;101185705;СУДИМИР;24;2;3
62;ФАЯНСОВСКИЙ;101187005;ШАЙКОВКА;24;1;3
62;ФАЯНСОВСКИЙ;101187202;ШЛИПОВО;24;1;3
64;ГОРЬКОВСКИЙ;101261805;БАЛАХНА;30;2;4
64;ГОРЬКОВСКИЙ;101264201;ВЕЛИКОЕ ОЗЕРО(УДАРНИКИ);30;3;4
64;ГОРЬКОВСКИЙ;101263707;ВЯЗНИКИ;30;4;4
64;ГОРЬКОВСКИЙ;101264004;ГОРОХОВЕЦ;30;3;4
64;ГОРЬКОВСКИЙ;101263800;ДЕНИСОВО;30;3;4
64;ГОРЬКОВСКИЙ;101264606;ЖОЛНИНО;30;1;4
64;ГОРЬКОВСКИЙ;101264305;ЗОЛИНО;30;2;4
64;ГОРЬКОВСКИЙ;101264108;ИЛЬИНО;30;4;4
64;ГОРЬКОВСКИЙ;101264127;ИНЖЕНЕРНАЯ;30;4;4
64;ГОРЬКОВСКИЙ;101261608;КОЗИНО;30;3;4
64;ГОРЬКОВСКИЙ;101263904;ЧУЛКОВО;30;2;4
65;ИГРИНСКИЙ;101277409;ИГРА;6;2;4
65;ИГРИНСКИЙ;101277305;КУШЬЯ;6;2;4
65;ИГРИНСКИЙ;101277201;ЛОЗА;6;2;4
66;КАЗАНСКИЙ;101253508;АРСК;24;4;4
66;КАЗАНСКИЙ;101253300;БИРЮЛИ;24;3;4
66;КАЗАНСКИЙ;101251108;ВАСИЛЬЕВО;24;3;4
66;КАЗАНСКИЙ;101253207;ВЫСОКАЯ ГОРА;24;4;4
66;КАЗАНСКИЙ;101251004;ДЕРБЫШКИ;24;4;4
66;КАЗАНСКИЙ;101253404;КУРКАЧИ;24;3;4
66;КАЗАНСКИЙ;101253601;ШЕМОРДАН;24;3;4
67;КОВРОВСКИЙ;101262808;БОГОЛЮБОВО;24;1;4
67;КОВРОВСКИЙ;101262901;ВТОРОВО;24;1;4
67;КОВРОВСКИЙ;101262507;КОЛОКША;24;2;4
67;КОВРОВСКИЙ;101263509;МСТЕРА;24;2;4
67;КОВРОВСКИЙ;101263001;НОВКИ 1;24;4;4
67;КОВРОВСКИЙ;101263406;САРЫЕВО;24;2;4
67;КОВРОВСКИЙ;101263603;СЕНЬКОВО;24;2;4
67;КОВРОВСКИЙ;101263047;ФЕДУЛОВО;24;2;4
67;КОВРОВСКИЙ;101240809;ЭСИНО;24;2;4
67;КОВРОВСКИЙ;101262600;ЮРЬЕВЕЦ;24;3;4
68;МУРОМСКИЙ;101243506;БУТЫЛИЦЫ;12;2;4
68;МУРОМСКИЙ;101243309;ДОБРЯТИНО;12;2;4
68;МУРОМСКИЙ;101243008;ЗАКОЛПЬЕ;12;2;4
68;МУРОМСКИЙ;101243402;МЕЛЕНКИ;12;2;4
68;МУРОМСКИЙ;101243607;НАВАШИНО;12;3;4
69;СЛОБОДСКОЙ;101271101;БЕЛКА-СЛОБОДСКАЯ;12;3;4
69;СЛОБОДСКОЙ;101271205;ВАХРУШЕВО;12;2;4
69;СЛОБОДСКОЙ;101271402;ГИРСОВО;12;2;4
69;СЛОБОДСКОЙ;101271309;ДОЛГУШИНО;12;2;4
69;СЛОБОДСКОЙ;101271008;СЛОБОДСКОЕ;12;3;4
69;СЛОБОДСКОЙ;101270804;СТРИЖИ;12;2;4
71;АРХАНГЕЛЬСКИЙ;101290305;БАКАРИЦА;16;6;5
71;АРХАНГЕЛЬСКИЙ;101290009;ИСАКОГОРКА;16;5;5
71;АРХАНГЕЛЬСКИЙ;101290140;РИКАСИХА (РЗД);16;2;5
71;АРХАНГЕЛЬСКИЙ;101290206;СЕВЕРОДВИНСК;16;3;5
72;ГРЯЗОВЕЦКИЙ;101303105;БАКЛАНКА;18;3;5
72;ГРЯЗОВЕЦКИЙ;101303603;ВОХТОГА;18;2;5
72;ГРЯЗОВЕЦКИЙ;101303209;ГРЯЗОВЕЦ;18;3;5
72;ГРЯЗОВЕЦКИЙ;101303500;ЛЕЖА;18;3;5
72;ГРЯЗОВЕЦКИЙ;101303251;ПАПРИХА;18;2;5
72;ГРЯЗОВЕЦКИЙ;101302808;ПРЕЧИСТОЕ;18;3;5
72;ГРЯЗОВЕЦКИЙ;101302901;СКАЛИНО;18;2;5
73;ДАНИЛОВСКИЙ;101311101;ДАНИЛОВ;12;2;5
73;ДАНИЛОВСКИЙ;101304305;ЛЮБИМ;12;3;5
73;ДАНИЛОВСКИЙ;101311008;ПУТЯТИНО;12;3;5
73;ДАНИЛОВСКИЙ;101310908;ПУЧКОВСКИЙ;12;2;5
73;ДАНИЛОВСКИЙ;101310804;УТКИНО;12;2;5
74;ОБОЗЕРСКИЙ;101294809;ЕМЦА;14;3;5
74;ОБОЗЕРСКИЙ;101294902;ЛЕТНЕОЗЕРСКИЙ;14;2;5
74;ОБОЗЕРСКИЙ;101295002;ОБОЗЕРСКАЯ;14;3;5
74;ОБОЗЕРСКИЙ;101294601;ПЛЕСЕЦКАЯ;14;3;5
74;ОБОЗЕРСКИЙ;101294705;ШЕЛЕКСА;14;3;5
75;СУХОНСКИЙ;101300802;МОРЖЕНГА;16;3;5
75;СУХОНСКИЙ;101300709;ПЕЧАТКИНО;16;3;5
75;СУХОНСКИЙ;101300501;РЫБКИНО;16;4;5
75;СУХОНСКИЙ;101300605;СУХОНА;16;3;5
75;СУХОНСКИЙ;101301109;ХАРОВСКАЯ;16;3;5
76;РОСТОВСКИЙ;101314203;ДЕБОЛОВСКАЯ;17;1;5
76;РОСТОВСКИЙ;101313906;ИТЛАРЬ;17;2;5
76;РОСТОВСКИЙ;101314701;КОЗЬМОДЕМЬЯНСК;17;3;5
76;РОСТОВСКИЙ;101314425;КОРОМЫСЛОВО;17;2;5
76;РОСТОВСКИЙ;101314106;ПЕТРОВСК;17;3;5
76;РОСТОВСКИЙ;101314307;РОСТОВ-ЯРОСЛАВСКИЙ;17;3;5
76;РОСТОВСКИЙ;101314400;СЕМИБРАТОВО;17;3;5
77;КИНЕШЕМСКИЙ;101315704;АРМЕНКИ;17;2;5
77;КИНЕШЕМСКИЙ;101316603;ВИЧУГА;17;3;5
77;КИНЕШЕМСКИЙ;101316507;ГОРКИНО;17;3;5
77;КИНЕШЕМСКИЙ;101316302;ЕРМОЛИНО;17;3;5
77;КИНЕШЕМСКИЙ;101316707;КИНЕШМА;17;3;5
77;КИНЕШЕМСКИЙ;101316001;ФУРМАНОВ;17;3;5
78;ТЕЙКОВСКИЙ;101317606;ГАВРИЛОВ ПОСАД;15;2;5
78;ТЕЙКОВСКИЙ;101317803;НЕРЛЬ;15;3;5
78;ТЕЙКОВСКИЙ;101317702;ПЕТРОВСКАЯ;15;2;5
78;ТЕЙКОВСКИЙ;101318007;САХТЫШ;15;2;5
78;ТЕЙКОВСКИЙ;101318100;ТЕЙКОВО;15;3;5
78;ТЕЙКОВСКИЙ;101317305;ЮРЬЕВ-ПОЛЬСКИЙ;15;3;5
79;ШУЙСКИЙ;101318908;КОХМА;13;3;5
79;ШУЙСКИЙ;101319103;ЛАДЫГИНО;13;2;5
79;ШУЙСКИЙ;101319300;САВИНО;13;3;5
79;ШУЙСКИЙ;101319207;ШОРЫГИНО;13;2;5
79;ШУЙСКИЙ;101319003;ШУЯ;13;3;5
80;ЧЕБСАРСКИЙ;101301701;ДИКАЯ;17;3;5
80;ЧЕБСАРСКИЙ;101301805;КИПЕЛОВО;17;3;5
80;ЧЕБСАРСКИЙ;101301909;КУЩУБА;17;3;5
80;ЧЕБСАРСКИЙ;101301608;МОЛОЧНАЯ;17;3;5
80;ЧЕБСАРСКИЙ;101302009;ЧЕБСАРА;17;3;5
80;ЧЕБСАРСКИЙ;101302102;ШЕКСНА;17;2;5
82;БЕЛОЦЕРКОВСКИЙ;101343808;БЕЛАЯ ЦЕРКОВЬ;22;0;30
82;БЕЛОЦЕРКОВСКИЙ;101324900;ЖИДИНИЧИ;22;0;30
82;БЕЛОЦЕРКОВСКИЙ;101344228;КАРАПЫШИ;22;0;30
82;БЕЛОЦЕРКОВСКИЙ;101344406;МИРОНОВКА;22;0;30
82;БЕЛОЦЕРКОВСКИЙ;101344209;ОЛЬШАНИЦА;22;0;30
82;БЕЛОЦЕРКОВСКИЙ;101344105;РАКИТНО;22;0;30
82;БЕЛОЦЕРКОВСКИЙ;101344001;СУХОЛЕСЫ;22;0;30
82;БЕЛОЦЕРКОВСКИЙ;101343704;УСТИНОВКА;22;0;30
83;ГРЕЧАНО-ВАПНЯРСКИЙ;101330206;ВОЙТОВЦЫ;12;0;30
83;ГРЕЧАНО-ВАПНЯРСКИЙ;101330600;ГРЕЧАНЫ;12;0;30
83;ГРЕЧАНО-ВАПНЯРСКИЙ;101331406;ЖУРАВЛЕВКА;12;0;30
83;ГРЕЧАНО-ВАПНЯРСКИЙ;101330306;НАРКЕВИЧИ;12;0;30
83;ГРЕЧАНО-ВАПНЯРСКИЙ;101331603;РАХНЫ;12;0;30
83;ГРЕЧАНО-ВАПНЯРСКИЙ;101330403;ЧЕРНЫЙ ОСТРОВ;12;0;30
84;БЕРДИЧЕВСКИЙ;101342400;БЕРДИЧЕВ;24;0;30
84;БЕРДИЧЕВСКИЙ;101345319;БЕРДИЧЕВ-ЖИТОМИРСКИЙ;24;0;30
84;БЕРДИЧЕВСКИЙ;101342222;ДЕМЧИН;24;0;30
84;БЕРДИЧЕВСКИЙ;101345409;КОДНЯ;24;0;30
84;БЕРДИЧЕВСКИЙ;101342203;МИХАЙЛЕНКИ;24;0;30
84;БЕРДИЧЕВСКИЙ;101345502;ПРЯЖЕВО;24;0;30
84;БЕРДИЧЕВСКИЙ;101342108;ЧУДНОВ-ВОЛЫНСКИЙ;24;0;30
85;ИЗЯСЛАВСКИЙ;101334207;АНТОНИНЫ;19;0;30
85;ИЗЯСЛАВСКИЙ;101340706;ИЗЯСЛАВЛЬ;19;0;30
85;ИЗЯСЛАВСКИЙ;101340208;ЛЕПЕСОВКА;19;0;30
85;ИЗЯСЛАВСКИЙ;101340301;СУХОВОЛЯ;19;0;30
85;ИЗЯСЛАВСКИЙ;101334300;ЧЕТЫРБОКИ;19;0;30
85;ИЗЯСЛАВСКИЙ;101340104;ШЕПЕТОВКА-ПОДОЛЬСКАЯ;19;0;30
86;КОРОСТЕНЬСКИЙ;101346505;БЕХИ;20;0;30
86;КОРОСТЕНЬСКИЙ;101348604;ЕМЕЛЬЯНОВКА;20;0;30
86;КОРОСТЕНЬСКИЙ;101346609;ИГНАТПОЛЬ;20;0;30
86;КОРОСТЕНЬСКИЙ;101346308;КОРОСТЕНЬ;20;0;30
86;КОРОСТЕНЬСКИЙ;101349306;ЛУГИНЫ;20;0;30
86;КОРОСТЕНЬСКИЙ;101346806;ОВРУЧ;20;0;30
86;КОРОСТЕНЬСКИЙ;101346346;СТРЕМИГОРОД (ОП);20;0;30
86;КОРОСТЕНЬСКИЙ;101346100;УШОМИР;20;0;30
87;КОНОТОПСКИЙ;101325903;БАХМАЧ-КИЕВСКИЙ;24;0;30
87;КОНОТОПСКИЙ;101329001;ГРУЗСКОЕ;24;0;30
87;КОНОТОПСКИЙ;101326304;ДОЧЬ;24;0;30
87;КОНОТОПСКИЙ;101327400;КОНОТОП;24;0;30
87;КОНОТОПСКИЙ;101325706;КРУТЫ;24;0;30
87;КОНОТОПСКИЙ;101324807;МАЛЕЙКИ;24;0;30
87;КОНОТОПСКИЙ;101325802;ПЛИСКИ;24;0;30
87;КОНОТОПСКИЙ;101326200;ЧЕСНОКОВКА;24;0;30
88;НОВОГРАД-ВОЛЫНСКИЙ;101348068;ВЕРШНИЦА (РЗД);24;0;30
88;НОВОГРАД-ВОЛЫНСКИЙ;101348200;ДУБОВЕЦ;24;0;30
88;НОВОГРАД-ВОЛЫНСКИЙ;101347917;КОЛОДЕНКА;24;0;30
88;НОВОГРАД-ВОЛЫНСКИЙ;101348106;КУРНОЕ;24;0;30
88;НОВОГРАД-ВОЛЫНСКИЙ;101348002;НОВОГРАД-ВОЛЫНСКИЙ 1;24;0;30
88;НОВОГРАД-ВОЛЫНСКИЙ;101348021;НОВОГРАД-ВОЛЫНСКИЙ 2;24;0;30
88;НОВОГРАД-ВОЛЫНСКИЙ;101348074;РЫХАЛЬСКАЯ;24;0;30
88;НОВОГРАД-ВОЛЫНСКИЙ;101348407;ЯБЛОНЕЦ;24;0;30
89;ХМЕЛЬНИЦКИЙ;101330808;БОГДАНОВЦЫ;20;0;30
89;ХМЕЛЬНИЦКИЙ;101331001;ДЕРАЖНЯ;20;0;30
89;ХМЕЛЬНИЦКИЙ;101333308;ДУНАЕВЦЫ;20;0;30
89;ХМЕЛЬНИЦКИЙ;101331105;КОМАРОВЦЫ;20;0;30
89;ХМЕЛЬНИЦКИЙ;101330901;КОРЖЕВЦЫ;20;0;30
89;ХМЕЛЬНИЦКИЙ;101333806;СКИБНЕВО;20;0;30
89;ХМЕЛЬНИЦКИЙ;101334103;СТАРОКОНСТАНТИНОВ 1;20;0;30
89;ХМЕЛЬНИЦКИЙ;101337506;СТАРОКОНСТАНТИНОВ 2;20;0;30
89;ХМЕЛЬНИЦКИЙ;101330704;ХМЕЛЬНИЦКИЙ;20;0;30
89;ХМЕЛЬНИЦКИЙ;101333702;ЯРМОЛИНЦЫ;20;0;30
90;ШЕПЕТОВСКИЙ;101341200;КРИВИН;15;0;30
90;ШЕПЕТОВСКИЙ;101347809;МАЙДАН-ВИЛА;15;0;30
90;ШЕПЕТОВСКИЙ;101341408;СЛАВУТА 1;15;0;30
90;ШЕПЕТОВСКИЙ;101340000;ШЕПЕТОВКА;15;0;30
92;БЕРЕЗОВИЦА-ОСТРОВСКИЙ;101362601;БЕРЕЗОВИЦА-ОСТРОВ;28;0;31
92;БЕРЕЗОВИЦА-ОСТРОВСКИЙ;101376407;БОРИСЛАВ;28;0;31
92;БЕРЕЗОВИЦА-ОСТРОВСКИЙ;101375029;ДОБРОМИЛЬ;28;0;31
92;БЕРЕЗОВИЦА-ОСТРОВСКИЙ;101376303;ДРОГОБЫЧ;28;0;31
92;БЕРЕЗОВИЦА-ОСТРОВСКИЙ;101360606;ЗБОРОВ;28;0;31
92;БЕРЕЗОВИЦА-ОСТРОВСКИЙ;101370928;КАМЕНКА-БУГСКАЯ;28;0;31
92;БЕРЕЗОВИЦА-ОСТРОВСКИЙ;101370909;САПЕЖАНКА;28;0;31
92;БЕРЕЗОВИЦА-ОСТРОВСКИЙ;101362902;ТРЕМБОВЛЯ;28;0;31
92;БЕРЕЗОВИЦА-ОСТРОВСКИЙ;101374901;ХЫРОВ ППР;28;0;31
93;ВИНОГРАДОВСКИЙ;101384302;ВИЛОК;24;0;31
93;ВИНОГРАДОВСКИЙ;101384403;ВИНОГРАДОВО-ЗАКАРПАТСКОЕ;24;0;31
93;ВИНОГРАДОВСКИЙ;101384812;ДЬЯКОВО;24;0;31
93;ВИНОГРАДОВСКИЙ;101384704;КОРОЛЕВО ППР;24;0;31
93;ВИНОГРАДОВСКИЙ;101385707;СОЛОТВИНО 1;24;0;31
93;ВИНОГРАДОВСКИЙ;101385603;ТЕРЕСВА;24;0;31
93;ВИНОГРАДОВСКИЙ;101385302;ХУСТ;24;0;31
93;ВИНОГРАДОВСКИЙ;101384808;ЧЕРНОТИССОВ;24;0;31
94;ВЛАДИМИР-ВОЛЫНСКИЙ;101354501;ВЕРБКА;25;0;31
94;ВЛАДИМИР-ВОЛЫНСКИЙ;101353208;ВЛАДИМИР-ВОЛЫНСКИЙ;25;0;31
94;ВЛАДИМИР-ВОЛЫНСКИЙ;101352239;КОШАРЫ;25;0;31
94;ВЛАДИМИР-ВОЛЫНСКИЙ;101352205;МАЦЕЕВ;25;0;31
94;ВЛАДИМИР-ВОЛЫНСКИЙ;101353212;ОВАДНО;25;0;31
94;ВЛАДИМИР-ВОЛЫНСКИЙ;101352135;ПОДГОРОДНЕ;25;0;31
95;ИВАНО-ФРАНКОВСКИЙ;101387100;БРАТКОВЦЫ;24;0;31
95;ИВАНО-ФРАНКОВСКИЙ;101388207;ГАЛИЧ;24;0;31
95;ИВАНО-ФРАНКОВСКИЙ;101388705;ГОДЫ-ТУРКА;24;0;31
95;ИВАНО-ФРАНКОВСКИЙ;101388226;ЖОВТЕНЬ;24;0;31
95;ИВАНО-ФРАНКОВСКИЙ;101388404;ИВАНО-ФРАНКОВСК;24;0;31
95;ИВАНО-ФРАНКОВСКИЙ;101388642;КОРШЕВ;24;0;31
95;ИВАНО-ФРАНКОВСКИЙ;101386911;ЛОЙОВА (ОП);24;0;31
95;ИВАНО-ФРАНКОВСКИЙ;101386907;НАДВОРНАЯ;24;0;31
95;ИВАНО-ФРАНКОВСКИЙ;101388601;ОТЫНЯ;24;0;31
96;МУКАЧЕВСКИЙ;101383006;БАРКАСОВО;25;0;31
96;МУКАЧЕВСКИЙ;101384102;БЕРЕГОВО;25;0;31
96;МУКАЧЕВСКИЙ;101380008;МУКАЧЕВО;25;0;31
96;МУКАЧЕВСКИЙ;101381602;ПЕРЕЧИН;25;0;31
96;МУКАЧЕВСКИЙ;101383608;СВАЛЯВА;25;0;31
96;МУКАЧЕВСКИЙ;101383107;СТРАБИЧЕВО;25;0;31
96;МУКАЧЕВСКИЙ;101380900;СТРУМКОВКА;25;0;31
96;МУКАЧЕВСКИЙ;101381000;УЖГОРОД;25;0;31
97;РОВЕНСКИЙ;101350604;ВЕРБА;10;0;31
97;РОВЕНСКИЙ;101350303;ДУБНО;10;0;31
97;РОВЕНСКИЙ;101356704;ЛЮБОМИРСК;10;0;31
97;РОВЕНСКИЙ;101350106;ОЗЕРЯНЫ;10;0;31
97;РОВЕНСКИЙ;101356600;РОВНО;10;0;31
98;ЧЕРНОВИЦКИЙ;101367003;БОЯНЫ;24;0;31
98;ЧЕРНОВИЦКИЙ;101368608;ВАДУЛ-СИРЕТ;24;0;31
98;ЧЕРНОВИЦКИЙ;101368400;ГЛУБОКАЯ-БУКОВИНСКАЯ;24;0;31
98;ЧЕРНОВИЦКИЙ;101366208;КИЦМАНЬ;24;0;31
98;ЧЕРНОВИЦКИЙ;101366301;ЛУЖАНЫ;24;0;31
98;ЧЕРНОВИЦКИЙ;101389801;НЕПОЛОКОВЦЫ;24;0;31
98;ЧЕРНОВИЦКИЙ;101366801;САДГОРА;24;0;31
98;ЧЕРНОВИЦКИЙ;101369507;СТОРОЖИНЕЦ;24;0;31
98;ЧЕРНОВИЦКИЙ;101366509;ЧЕРНОВЦЫ-СЕВЕРНАЯ ППР;24;0;31
98;ЧЕРНОВИЦКИЙ;101368203;ЧЕРНОВЦЫ-ЮЖНАЯ;24;0;31
99;ЯВОРОВСКИЙ;101374204;МОСТИСКА 1;32;0;31
99;ЯВОРОВСКИЙ;101374647;МШАНА;32;0;31
99;ЯВОРОВСКИЙ;101372500;РАВА-РУССКАЯ ППР;32;0;31
99;ЯВОРОВСКИЙ;101374505;РОДАТЫЧЕ;32;0;31
99;ЯВОРОВСКИЙ;101374401;СУДОВАЯ ВИШНЯ;32;0;31
99;ЯВОРОВСКИЙ;101373201;ЯВОРОВ;32;0;31
101;БЕЛЬЦКИЙ;101395408;АЛЕКСЭНДРЕНЬ;23;0;29
101;БЕЛЬЦКИЙ;101393205;БЕЛЬЦЫ-ГОРОД;23;0;29
101;БЕЛЬЦКИЙ;101393309;БЕЛЬЦЫ-СЛОБОДЗЕЯ;23;0;29
101;БЕЛЬЦКИЙ;101393608;ДРОКИЯ;23;0;29
101;БЕЛЬЦКИЙ;101395501;МАРКУЛЕШТЫ;23;0;29
101;БЕЛЬЦКИЙ;101393008;РЭУЦЕЛ;23;0;29
101;БЕЛЬЦКИЙ;101392804;ФАЛЕШТЫ;23;0;29
101;БЕЛЬЦКИЙ;101395605;ФЛОРЕШТЬ;23;0;29
102;КАГУЛ-БОЛГРАДСКИЙ;101398603;БОЛГРАД;23;0;29
102;КАГУЛ-БОЛГРАДСКИЙ;101398406;ВУЛКАНЕШТЬ;23;0;29
102;КАГУЛ-БОЛГРАДСКИЙ;101398505;ГРЕЧЕНЬ;23;0;29
102;КАГУЛ-БОЛГРАДСКИЙ;101396701;КАГУЛ;23;0;29
102;КАГУЛ-БОЛГРАДСКИЙ;101397300;КОМРАТ;23;0;29
102;КАГУЛ-БОЛГРАДСКИЙ;101396909;ПРУТ 2;23;0;29
102;КАГУЛ-БОЛГРАДСКИЙ;101397102;ПРУТ ППР;23;0;29
102;КАГУЛ-БОЛГРАДСКИЙ;101397206;ЯРГОРА;23;0;29
103;ТИРАСПОЛЬСКИЙ;101390601;БЕНДЕР 2;24;0;29
103;ТИРАСПОЛЬСКИЙ;101390705;БУЛБОАКА;24;0;29
103;ТИРАСПОЛЬСКИЙ;101399803;КАУШАНЫ;24;0;29
103;ТИРАСПОЛЬСКИЙ;101390300;КУЧУРГАН;24;0;29
103;ТИРАСПОЛЬСКИЙ;101390103;ТИРАСПОЛ;24;0;29
103;ТИРАСПОЛЬСКИЙ;101399907;ХАДЖИМУС (РЗД);24;0;29
105;ВАПНЯРСКИЙ;101408504;ВАПНЯРКА;12;0;32
105;ВАПНЯРСКИЙ;101409102;ГУБНИК;12;0;32
105;ВАПНЯРСКИЙ;101408805;ДЕМКОВКА;12;0;32
105;ВАПНЯРСКИЙ;101408701;КИРНАСОВКА;12;0;32
105;ВАПНЯРСКИЙ;101409009;ЛАДЫЖИН;12;0;32
105;ВАПНЯРСКИЙ;101408909;ТРОСТЯНЕЦ-ПОДОЛЬСКИЙ;12;0;32
106;БЕЛГОРОД-ДНЕСТРОВСКИЙ;101403206;БЕЛГОРОД-ДНЕСТРОВСКИЙ;19;0;32
106;БЕЛГОРОД-ДНЕСТРОВСКИЙ;101403002;БУГАЗ;19;0;32
106;БЕЛГОРОД-ДНЕСТРОВСКИЙ;101403604;КАНТЕМИР;19;0;32
106;БЕЛГОРОД-ДНЕСТРОВСКИЙ;101403708;КУЛЕВЧА;19;0;32
106;БЕЛГОРОД-ДНЕСТРОВСКИЙ;101402902;ОВИДИОПОЛЬ;19;0;32
106;БЕЛГОРОД-ДНЕСТРОВСКИЙ;101403801;САРАТА;19;0;32
106;БЕЛГОРОД-ДНЕСТРОВСКИЙ;101403106;ШАБО;19;0;32
107;НИКОЛАЕВСКИЙ;101419509;БАЛОВНОЕ;21;0;32
107;НИКОЛАЕВСКИЙ;101415008;ГОРОХОВКА;21;0;32
107;НИКОЛАЕВСКИЙ;101414967;ГРЕЙГОВО;21;0;32
107;НИКОЛАЕВСКИЙ;101417607;КОТЛЯРОВО;21;0;32
107;НИКОЛАЕВСКИЙ;101415103;НИКОЛАЕВ;21;0;32
107;НИКОЛАЕВСКИЙ;101415207;НИКОЛАЕВ-ГРУЗОВОЙ;21;0;32
107;НИКОЛАЕВСКИЙ;101419405;ТЕРНОВКА-НИКОЛАЕВСКАЯ;21;0;32
108;ОДЕССКИЙ;101401905;АККАРЖА;25;0;32
108;ОДЕССКИЙ;101405402;ВЫГОДА;25;0;32
108;ОДЕССКИЙ;101405309;ДАЧНАЯ;25;0;32
108;ОДЕССКИЙ;101401007;КРЕМИДОВКА;25;0;32
108;ОДЕССКИЙ;101400907;КУЛИНДОРОВО;25;0;32
108;ОДЕССКИЙ;101401702;ОДЕССА-ЗАПАДНАЯ;25;0;32
108;ОДЕССКИЙ;101405101;ОДЕССА-ЗАСТАВА 1;25;0;32
108;ОДЕССКИЙ;101400822;ОДЕССА-ЗАСТАВА 2;25;0;32
108;ОДЕССКИЙ;101400305;ОДЕССА-ПОРТ;25;0;32
108;ОДЕССКИЙ;101400201;ОДЕССА-ТОВАРНАЯ;25;0;32
108;ОДЕССКИЙ;101405205;УСАТОВО;25;0;32
109;ЧЕРКАССКИЙ;101424102;БЕЛОЗЕРЬЕ;24;0;32
109;ЧЕРКАССКИЙ;101422709;ВЛАДИМИРОВКА;24;0;32
109;ЧЕРКАССКИЙ;101422408;ГОРОДИЩЕ;24;0;32
109;ЧЕРКАССКИЙ;101422304;КОРСУНЬ;24;0;32
109;ЧЕРКАССКИЙ;101424009;СМЕЛА;24;0;32
109;ЧЕРКАССКИЙ;101422605;ЦВЕТКОВО;24;0;32
109;ЧЕРКАССКИЙ;101424206;ЧЕРКАССЫ;24;0;32
111;ЛУБЕНСКИЙ;101429604;ВИЛЫ;22;0;33
111;ЛУБЕНСКИЙ;101429500;ЛАЗОРКИ;22;0;33
111;ЛУБЕНСКИЙ;101428508;ЛИНОВИЦЫ;22;0;33
111;ЛУБЕНСКИЙ;101429708;ЛУБНЫ;22;0;33
111;ЛУБЕНСКИЙ;101428404;ПИРЯТИН;22;0;33
111;ЛУБЕНСКИЙ;101429002;ПРИЛУКИ;22;0;33
111;ЛУБЕНСКИЙ;101429801;СОЛОНИЦКАЯ;22;0;33
112;ЧУГУЕВСКИЙ;101430601;ГРАКОВО;19;0;33
112;ЧУГУЕВСКИЙ;101430705;КОРОБОЧКИНО;19;0;33
112;ЧУГУЕВСКИЙ;101430404;СТАРОВЕРОВКА;19;0;33
112;ЧУГУЕВСКИЙ;101430809;ЧУГУЕВ;19;0;33
112;ЧУГУЕВСКИЙ;101430508;ШЕВЧЕНКОВО-ЮЖНОЕ;19;0;33
112;ЧУГУЕВСКИЙ;101430902;ЭСХАР;19;0;33
114;ЗАПОРОЖСКИЙ;101464701;ВОЛЬНЯНСК;19;0;34
114;ЗАПОРОЖСКИЙ;101460700;ЗАПОРОЖЬЕ 1;19;0;34
114;ЗАПОРОЖСКИЙ;101464504;ЗАПОРОЖЬЕ-ГРУЗОВОЕ;19;0;34
114;ЗАПОРОЖСКИЙ;101463802;КИРПОТИНО;19;0;34
114;ЗАПОРОЖСКИЙ;101463709;ЛЕЖИНО;19;0;34
114;ЗАПОРОЖСКИЙ;101464805;НОВОГУПОЛОВКА;19;0;34
114;ЗАПОРОЖСКИЙ;101463906;ФИСАКИ;19;0;34
114;ЗАПОРОЖСКИЙ;101464608;ЯНЦЕВО;19;0;34
115;КРИВОРОЖСКИЙ;101468007;ВИСУНЬ;21;0;34
115;КРИВОРОЖСКИЙ;101467907;ГЕЙКОВКА;21;0;34
115;КРИВОРОЖСКИЙ;101467703;ИНГУЛЕЦ;21;0;34
115;КРИВОРОЖСКИЙ;101467201;КРИВОЙ РОГ;21;0;34
115;КРИВОРОЖСКИЙ;101467004;КРИВОЙ РОГ-ГЛАВНЫЙ;21;0;34
115;КРИВОРОЖСКИЙ;101467305;КРИВОЙ РОГ-ЗАПАДНЫЙ;21;0;34
115;КРИВОРОЖСКИЙ;101467606;МОИСЕЕВКА;21;0;34
116;НОВОМОСКОВСКИЙ;101452102;ВОЛЬНОЕ;24;0;34
116;НОВОМОСКОВСКИЙ;101452206;ГУБИНИХА;24;0;34
116;НОВОМОСКОВСКИЙ;101452305;КИЛЬЧЕНЬ;24;0;34
116;НОВОМОСКОВСКИЙ;101452901;МИНЕРАЛЬНАЯ;24;0;34
116;НОВОМОСКОВСКИЙ;101452009;НОВОМОСКОВСК-ДНЕПРОВСКИЙ;24;0;34
116;НОВОМОСКОВСКИЙ;101452808;ОРЛОВЩИНА;24;0;34
117;СИМФЕРОПОЛЬСКИЙ;101473607;БАХЧИСАРАЙ;23;0;18
117;СИМФЕРОПОЛЬСКИЙ;101473503;МЕКЕНЗИЕВЫ ГОРЫ;23;0;18
117;СИМФЕРОПОЛЬСКИЙ;101474101;ОСТРЯКОВО;23;0;18
117;СИМФЕРОПОЛЬСКИЙ;101473804;ПОЧТОВАЯ;23;0;18
117;СИМФЕРОПОЛЬСКИЙ;101473700;САМОХВАЛОВО;23;0;18
117;СИМФЕРОПОЛЬСКИЙ;101473908;СИМФЕРОПОЛЬ;23;0;18
117;СИМФЕРОПОЛЬСКИЙ;101474008;СИМФЕРОПОЛЬ-ГРУЗОВОЙ;23;0;18
117;СИМФЕРОПОЛЬСКИЙ;101473537;СИРЕНЬ;23;0;18
119;АРТЕМОВСКИЙ;101496505;АРТЕМОВСК 1;22;0;35
119;АРТЕМОВСКИЙ;101494603;АРТЕМОВСК 2;22;0;35
119;АРТЕМОВСКИЙ;101500202;ДЕБАЛЬЦЕВО;22;0;35
119;АРТЕМОВСКИЙ;101491408;ДРУЖКОВКА;22;0;35
119;АРТЕМОВСКИЙ;101495305;ЛОМОВАТКА;22;0;35
119;АРТЕМОВСКИЙ;101498002;ЛОСКУТОВКА;22;0;35
119;АРТЕМОВСКИЙ;101496007;ПОПАСНАЯ;22;0;35
119;АРТЕМОВСКИЙ;101492006;СЛАВЯНСК;22;0;35
119;АРТЕМОВСКИЙ;101495409;СТАХАНОВ;22;0;35
119;АРТЕМОВСКИЙ;101491605;ЧАСОВ ЯР;22;0;35
120;ВОРОШИЛОВГРАДСКИЙ;101496806;ЗИМОГОРЬЕ;24;0;35
120;ВОРОШИЛОВГРАДСКИЙ;101507803;КРАСНООЗЕРОВКА;24;0;35
120;ВОРОШИЛОВГРАДСКИЙ;101507108;ЛУГАНСК;24;0;35
120;ВОРОШИЛОВГРАДСКИЙ;101506800;МЕЛОВАЯ;24;0;35
120;ВОРОШИЛОВГРАДСКИЙ;101507907;НОВЫЙ АЙДАР;24;0;35
120;ВОРОШИЛОВГРАДСКИЙ;101496900;СЕНТЯНОВКА;24;0;35
120;ВОРОШИЛОВГРАДСКИЙ;101508007;СТАРОБЕЛЬСК;24;0;35
121;ЕНАКИЕВСКИЙ;101488706;ЕНАКИЕВО;16;0;35
121;ЕНАКИЕВСКИЙ;101487807;ИЛОВАЙСК;16;0;35
121;ЕНАКИЕВСКИЙ;101488602;НИЖНЕКРЫНКА;16;0;35
121;ЕНАКИЕВСКИЙ;101488000;ХАНЖЕНКОВО;16;0;35
121;ЕНАКИЕВСКИЙ;101487900;ХАРЦЫЗСК;16;0;35
121;ЕНАКИЕВСКИЙ;101488509;ЩЕБЕНКА;16;0;35
123;БУЙНАКСКИЙ;101543806;АЧИ;18;2;6
123;БУЙНАКСКИЙ;101544408;ДАГЕСТАНСКИЕ ОГНИ;18;2;6
123;БУЙНАКСКИЙ;101543903;ИЗБЕРБАШ;18;3;6
123;БУЙНАКСКИЙ;101544003;ИНЧХЕ;18;4;6
123;БУЙНАКСКИЙ;101543621;КАСПИЙСК;18;1;6
123;БУЙНАКСКИЙ;101544107;КАЯГЕНТ;18;2;6
123;БУЙНАКСКИЙ;101543706;МАНАС;18;4;6
123;БУЙНАКСКИЙ;101543509;ТАРКИ;18;1;6
125;МАЙКОПСКИЙ;101535201;ГИАГИНСКАЯ;22;4;6
125;МАЙКОПСКИЙ;101535502;КУРГАННАЯ;22;3;6
125;МАЙКОПСКИЙ;101535706;ЛАБИНСКАЯ;22;4;6
125;МАЙКОПСКИЙ;101534800;МАЙКОП;22;5;6
125;МАЙКОПСКИЙ;101535803;МОСТОВСКАЯ;22;2;6
125;МАЙКОПСКИЙ;101534904;ТУЛЬСКАЯ;22;2;6
125;МАЙКОПСКИЙ;101534707;ХАНСКАЯ;22;2;6
126;НОВОРОССИЙСКИЙ;101523505;АБИНСКАЯ;20;3;6
126;НОВОРОССИЙСКИЙ;101522803;АНАПА;20;3;6
126;НОВОРОССИЙСКИЙ;101523609;АХТЫРСКАЯ;20;1;6
126;НОВОРОССИЙСКИЙ;101521503;БАКАНСКАЯ;20;2;6
126;НОВОРОССИЙСКИЙ;101522606;ВАРЕНИКОВСКАЯ;20;2;6
126;НОВОРОССИЙСКИЙ;101522818;ГОСТАГАЕВСКАЯ;20;2;6
126;НОВОРОССИЙСКИЙ;101521603;КРЫМСКАЯ;20;3;6
126;НОВОРОССИЙСКИЙ;101521406;ТОННЕЛЬНАЯ;20;4;6
127;НОВОЧЕРКАССКИЙ;101512708;ГОРНАЯ;18;2;6
127;НОВОЧЕРКАССКИЙ;101512731;ГРИВЕННАЯ (РЗД);18;3;6
127;НОВОЧЕРКАССКИЙ;101513503;НОВОЧЕРКАССК;18;3;6
127;НОВОЧЕРКАССКИЙ;101513202;ПЕРСИАНОВКА;18;4;6
127;НОВОЧЕРКАССКИЙ;101513403;ХОТУНОК;18;4;6
127;НОВОЧЕРКАССКИЙ;101512801;ШАХТНАЯ;18;2;6
128;ВЛАДИКАВКАЗСКИЙ;101538500;БЕСЛАН;22;4;6
128;ВЛАДИКАВКАЗСКИЙ;101538708;ВЛАДИКАВКАЗ;22;4;6
128;ВЛАДИКАВКАЗСКИЙ;101538202;ДАРГ-КОХ;22;4;6
128;ВЛАДИКАВКАЗСКИЙ;101537705;КОТЛЯРЕВСКАЯ;22;3;6
128;ВЛАДИКАВКАЗСКИЙ;101538002;МУРТАЗОВО;22;3;6
128;ВЛАДИКАВКАЗСКИЙ;101537404;СОЛДАТСКАЯ;22;2;6
128;ВЛАДИКАВКАЗСКИЙ;101538106;ЭЛЬХОТОВО;22;2;6
129;ПРОХЛАДНЕНСКИЙ;101537300;АПОЛЛОНСКАЯ;15;2;6
129;ПРОХЛАДНЕНСКИЙ;101536308;ГЕОРГИЕВСК;15;4;6
129;ПРОХЛАДНЕНСКИЙ;101539306;МОЗДОК;15;4;6
129;ПРОХЛАДНЕНСКИЙ;101537616;ПРИБЛИЖНИЙ (ОБП);15;1;6
129;ПРОХЛАДНЕНСКИЙ;101537601;ПРОХЛАДНАЯ;15;2;6
129;ПРОХЛАДНЕНСКИЙ;101537508;ШАРДАНОВО;15;2;6
130;САРАТОВСКИЙ;101524000;АФИПСКАЯ;18;2;6
130;САРАТОВСКИЙ;101524207;ГОРЯЧИЙ КЛЮЧ;18;4;6
130;САРАТОВСКИЙ;101523806;ИЛЬСКАЯ;18;3;6
130;САРАТОВСКИЙ;101521904;ПСЕКУПС;18;3;6
130;САРАТОВСКИЙ;101524141;САРАТОВСКАЯ;18;3;6
130;САРАТОВСКИЙ;101523904;СЕВЕРСКАЯ;18;3;6
132;АКСТАФИНСКИЙ;101557200;АКСТАФА;21;0;37
132;АКСТАФИНСКИЙ;101558631;БЕЮК-КЯСИК;21;0;37
132;АКСТАФИНСКИЙ;101558504;САЛАХЛЫ;21;0;37
132;АКСТАФИНСКИЙ;101558608;СОЮК-БУЛАК;21;0;37
132;АКСТАФИНСКИЙ;101557126;ТАТЛУ;21;0;37
133;БАКИНСКИЙ;101548907;АТБУЛАК;21;0;37
133;БАКИНСКИЙ;101547112;БАКУ-ПАССАЖИРСКАЯ;21;0;37
133;БАКИНСКИЙ;101547302;БАКУ-ТОРГОВАЯ ПРИСТАНЬ;21;0;37
133;БАКИНСКИЙ;101546808;БАЛАДЖАРЫ;21;0;37
133;БАКИНСКИЙ;101548305;САНГАЧАЛЫ;21;0;37
133;БАКИНСКИЙ;101548004;ЭЙБАТ;21;0;37
133;БАКИНСКИЙ;101546206;ЯШМА;21;0;37
134;КИРОВАБАДСКИЙ;101555309;БАРДА;21;0;37
134;КИРОВАБАДСКИЙ;101555900;ГЕРАН;21;0;37
134;КИРОВАБАДСКИЙ;101555101;ЕВЛАХ;21;0;37
134;КИРОВАБАДСКИЙ;101556104;ЗАЗАЛЫ;21;0;37
134;КИРОВАБАДСКИЙ;101556208;КИРОВАБАД;21;0;37
134;КИРОВАБАДСКИЙ;101555703;МИНГЕЧАУР;21;0;37
134;КИРОВАБАДСКИЙ;101555807;МИНГЕЧАУР-ГОРОД;21;0;37
135;ЛЕНКОРАНСКИЙ;101554109;АСТАРА;23;0;37
135;ЛЕНКОРАНСКИЙ;101553905;ЛЕНКОРАНЬ;23;0;37
135;ЛЕНКОРАНСКИЙ;101553604;ЛИМАН;23;0;37
135;ЛЕНКОРАНСКИЙ;101553407;МАСАЛЛЫ;23;0;37
135;ЛЕНКОРАНСКИЙ;101553106;САЛЬЯНЫ;23;0;37
136;НАХИЧЕВАНСКИЙ;101550004;ДЖУЛЬФА;24;0;37
136;НАХИЧЕВАНСКИЙ;101550803;НАХИЧЕВАНЬ;24;0;37
136;НАХИЧЕВАНСКИЙ;101550907;ОРДУБАД;24;0;37
136;НАХИЧЕВАНСКИЙ;101550502;ШАРУР;24;0;37
136;НАХИЧЕВАНСКИЙ;101550606;ШАХТАХТЫ;24;0;37
138;АХАЛЦИХСКИЙ;101578404;АХАЛЦИХЕ;25;0;39
138;АХАЛЦИХСКИЙ;101578300;АЦКУРИ;25;0;39
138;АХАЛЦИХСКИЙ;101577609;БОРЖОМИ;25;0;39
138;АХАЛЦИХСКИЙ;101578508;ВАЛЕ;25;0;39
138;АХАЛЦИХСКИЙ;101578601;ГОМИ;25;0;39
138;АХАЛЦИХСКИЙ;101578325;ПЕРСА;25;0;39
138;АХАЛЦИХСКИЙ;101577204;ХАШУРИ;25;0;39
139;БАТУМСКИЙ;101571513;БАТУМИ-ПАССАЖИРСКАЯ;18;0;39
139;БАТУМСКИЙ;101571509;БАТУМИ-ТОВАРНАЯ;18;0;39
139;БАТУМСКИЙ;101570506;ДЖУМАТИ;18;0;39
139;БАТУМСКИЙ;101571208;КОБУЛЕТИ;18;0;39
139;БАТУМСКИЙ;101570402;ЛАНЧХУТИ;18;0;39
139;БАТУМСКИЙ;101570807;НАТАНЕБИ;18;0;39
139;БАТУМСКИЙ;101571000;ОЗУРГЕТИ;18;0;39
139;БАТУМСКИЙ;101571104;ОЧХАМУРИ;18;0;39
139;БАТУМСКИЙ;101570602;СУПСА;18;0;39
139;БАТУМСКИЙ;101571301;ЧАКВА;18;0;39
140;ГОРИ-ТБИЛИССКИЙ;101560307;АВЧАЛА;28;0;39
140;ГОРИ-ТБИЛИССКИЙ;101561102;ВАЗИАНИ;28;0;39
140;ГОРИ-ТБИЛИССКИЙ;101562904;ВЕЛИ;28;0;39
140;ГОРИ-ТБИЛИССКИЙ;101562603;ГАРДАБАНИ;28;0;39
140;ГОРИ-ТБИЛИССКИЙ;101579201;ГОРИ-ГРУЗОВАЯ;28;0;39
140;ГОРИ-ТБИЛИССКИЙ;101561009;ЛИЛО;28;0;39
140;ГОРИ-ТБИЛИССКИЙ;101564100;МАРНЕУЛИ;28;0;39
140;ГОРИ-ТБИЛИССКИЙ;101560400;МЦХЕТА;28;0;39
140;ГОРИ-ТБИЛИССКИЙ;101563004;ПОНИЧАЛА;28;0;39
140;ГОРИ-ТБИЛИССКИЙ;101562707;РУСТАВИ-ГРУЗОВАЯ;28;0;39
140;ГОРИ-ТБИЛИССКИЙ;101560148;ТБИЛИСИ-ПАССАЖИРСКАЯ;28;0;39
140;ГОРИ-ТБИЛИССКИЙ;101560006;ТБИЛИСИ-СОРТИРОВОЧНАЯ;28;0;39
140;ГОРИ-ТБИЛИССКИЙ;101560101;ТБИЛИСИ-УЗЛОВАЯ;28;0;39
140;ГОРИ-ТБИЛИССКИЙ;101564505;ШУЛАВЕРИ;28;0;39
141;ЕРЕВАНСКИЙ;101566905;АРАКС;26;0;38
141;ЕРЕВАНСКИЙ;101567005;АРМАВИР;26;0;38
141;ЕРЕВАНСКИЙ;101569301;АРТАШАТ;26;0;38
141;ЕРЕВАНСКИЙ;101566801;ДАЛАРИК;26;0;38
141;ЕРЕВАНСКИЙ;101567804;ЕРЕВАН;26;0;38
141;ЕРЕВАНСКИЙ;101567400;МАСИС;26;0;38
141;ЕРЕВАНСКИЙ;101567306;ЭЧМИАДЗИН;26;0;38
142;КИРОВАКАНСКИЙ;101565508;КАЛТАХЧИ;18;0;38
142;КИРОВАКАНСКИЙ;101565300;КИРОВАКАН;18;0;38
142;КИРОВАКАНСКИЙ;101563108;НАЛБАНД;18;0;38
142;КИРОВАКАНСКИЙ;101565245;ПАМБАК;18;0;38
142;КИРОВАКАНСКИЙ;101565404;СПИТАК;18;0;38
142;КИРОВАКАНСКИЙ;101565207;ТУМАНЯН;18;0;38
142;КИРОВАКАНСКИЙ;101565230;ШАГАЛЫ;18;0;38
143;ЛЕНИНАКАНСКИЙ;101566500;АНИ;25;0;38
143;ЛЕНИНАКАНСКИЙ;101566106;АРТИК;25;0;38
143;ЛЕНИНАКАНСКИЙ;101567503;БАЯНДУР;25;0;38
143;ЛЕНИНАКАНСКИЙ;101565809;ГЮМРИ;25;0;38
143;ЛЕНИНАКАНСКИЙ;101565601;ДЖАДЖУР;25;0;38
143;ЛЕНИНАКАНСКИЙ;101565705;МАИСЯН (РЗД);25;0;38
143;ЛЕНИНАКАНСКИЙ;101566303;МАРАЛИК;25;0;38
143;ЛЕНИНАКАНСКИЙ;101566204;ПЕМЗАШЕН;25;0;38
145;ТАМБОВСКИЙ;101602503;ИНОКОВКА;24;5;7
145;ТАМБОВСКИЙ;101602800;КИРСАНОВ;24;4;7
145;ТАМБОВСКИЙ;101602410;ЛОМОВИС;24;3;7
145;ТАМБОВСКИЙ;101602406;ПЛАТОНОВКА;24;4;7
145;ТАМБОВСКИЙ;101602302;РАДА;24;5;7
145;ТАМБОВСКИЙ;101602317;РАССКАЗОВО;24;3;7
147;ВОЛГОГРАДСКИЙ;101610807;БЕТОННАЯ;24;3;8
147;ВОЛГОГРАДСКИЙ;101610603;ГУМРАК;24;3;8
147;ВОЛГОГРАДСКИЙ;101612304;КАНАЛЬНАЯ;24;3;8
147;ВОЛГОГРАДСКИЙ;101615904;КАРПОВСКАЯ;24;4;8
147;ВОЛГОГРАДСКИЙ;101614704;КОТЛУБАНЬ;24;2;8
147;ВОЛГОГРАДСКИЙ;101615800;ПРУДБОЙ;24;4;8
147;ВОЛГОГРАДСКИЙ;101611706;САРЕПТА;24;2;8
147;ВОЛГОГРАДСКИЙ;101615105;ЧИР;24;3;8
148;САРАТОВСКИЙ(ПУРВО);101626006;БЕЗЫМЯННАЯ;24;3;8
148;САРАТОВСКИЙ(ПУРВО);101621303;КАРАМЫШ;24;3;8
148;САРАТОВСКИЙ(ПУРВО);101623402;КОЛОГРИВОВКА;24;3;8
148;САРАТОВСКИЙ(ПУРВО);101623544;КУРДЮМ;24;2;8
148;САРАТОВСКИЙ(ПУРВО);101625605;ПОКРОВСК-ПРИВОЛЖСКИЙ;24;5;8
148;САРАТОВСКИЙ(ПУРВО);101623506;ТАТИЩЕВО;24;5;8
148;САРАТОВСКИЙ(ПУРВО);101620207;ТРОФИМОВСКИЙ 2;24;3;8
149;УРЮПИНСКИЙ;101612906;АЛЕКСИКОВО;18;3;8
149;УРЮПИНСКИЙ;101613203;БУДАРИНО;18;3;8
149;УРЮПИНСКИЙ;101613326;СОЛОНОВО;18;2;8
149;УРЮПИНСКИЙ;101613006;УРЮПИНО;18;4;8
149;УРЮПИНСКИЙ;101613307;ФИЛОНОВО;18;3;8
149;УРЮПИНСКИЙ;101613100;ЯРЫЖЕНСКАЯ;18;5;8
150;ШИХАНСКИЙ;101624806;ПРИВОЛЬСКАЯ;12;3;8
150;ШИХАНСКИЙ;101624000;СЕННАЯ;12;2;8
150;ШИХАНСКИЙ;101624208;ЧЕРНАВКА;12;2;8
150;ШИХАНСКИЙ;101624706;ШИХАНЫ;12;5;8
152;САМАРСКИЙ ВОСТОЧНЫЙ;101659404;БУГУРУСЛАН;24;6;9
152;САМАРСКИЙ ВОСТОЧНЫЙ;101659006;НОВООТРАДНАЯ;24;4;9
152;САМАРСКИЙ ВОСТОЧНЫЙ;101659207;ПОДБЕЛЬСКАЯ;24;3;9
152;САМАРСКИЙ ВОСТОЧНЫЙ;101659300;ПОХВИСТНЕВО;24;5;9
152;САМАРСКИЙ ВОСТОЧНЫЙ;101659103;ТОЛКАЙ;24;3;9
152;САМАРСКИЙ ВОСТОЧНЫЙ;101658204;ТУРГЕНЕВКА;24;3;9
153;САМАРСКИЙ ЗАПАДНЫЙ;101638501;БЕЗЕНЧУК;24;4;9
153;САМАРСКИЙ ЗАПАДНЫЙ;101638605;ЗВЕЗДА;24;2;9
153;САМАРСКИЙ ЗАПАДНЫЙ;101639608;КРЯЖ;24;3;9
153;САМАРСКИЙ ЗАПАДНЫЙ;101639504;ЛИПЯГИ;24;3;9
153;САМАРСКИЙ ЗАПАДНЫЙ;101638408;МЫЛЬНАЯ;24;4;9
153;САМАРСКИЙ ЗАПАДНЫЙ;101639307;ТОМЫЛОВО;24;4;9
153;САМАРСКИЙ ЗАПАДНЫЙ;101639104;ЧАГРА;24;4;9
154;УФИМСКИЙ ВОСТОЧНЫЙ;101655403;ИГЛИНО;24;3;9
154;УФИМСКИЙ ВОСТОЧНЫЙ;101652000;КАРЛАМАН;24;2;9
154;УФИМСКИЙ ВОСТОЧНЫЙ;101655600;КУДЕЕВКА (ПП);24;3;9
154;УФИМСКИЙ ВОСТОЧНЫЙ;101653802;ПРИУРАЛЬЕ;24;3;9
154;УФИМСКИЙ ВОСТОЧНЫЙ;101655507;ТАВТИМАНОВО;24;4;9
154;УФИМСКИЙ ВОСТОЧНЫЙ;101655808;УЛУ-ТЕЛЯК;24;3;9
154;УФИМСКИЙ ВОСТОЧНЫЙ;101655304;ШАКША;24;3;9
154;УФИМСКИЙ ВОСТОЧНЫЙ;101655460;ЮРМАШ;24;3;9
155;УФИМСКИЙ ЗАПАДНЫЙ;101651602;АЛКИНО;24;2;9
155;УФИМСКИЙ ЗАПАДНЫЙ;101651402;БЛАГОВАР;24;3;9
155;УФИМСКИЙ ЗАПАДНЫЙ;101651309;БУЗДЯК;24;1;9
155;УФИМСКИЙ ЗАПАДНЫЙ;101657108;ДАВЛЕКАНОВО;24;4;9
155;УФИМСКИЙ ЗАПАДНЫЙ;101657004;РАЕВКА;24;3;9
155;УФИМСКИЙ ЗАПАДНЫЙ;101651506;ЧИШМЫ;24;4;9
155;УФИМСКИЙ ЗАПАДНЫЙ;101657201;ШИНГАК-КУЛЬ;24;4;9
155;УФИМСКИЙ ЗАПАДНЫЙ;101651703;ЮМАТОВО;24;3;9
156;АКТЮБИНСКИЙ;101668507;АККЕМЕР;25;2;40
156;АКТЮБИНСКИЙ;101668301;АЛГА;25;4;40
156;АКТЮБИНСКИЙ;101660030;БЕСТАМАК;25;4;40
156;АКТЮБИНСКИЙ;101667504;ЖАЙСАН;25;3;40
156;АКТЮБИНСКИЙ;101667805;ЖИНИШКЕ;25;1;40
156;АКТЮБИНСКИЙ;101667701;КАРАТОГАЙ;25;2;40
156;АКТЮБИНСКИЙ;101667735;КУРАЙЛИ (ОП);25;4;40
156;АКТЮБИНСКИЙ;101667608;МАРТУК;25;3;40
156;АКТЮБИНСКИЙ;101668403;ТАМДЫ;25;2;40
156;АКТЮБИНСКИЙ;101669001;ТОКМАНСАЙ;25;3;40
157;ЭМБИНСКИЙ;101670600;БЕРШОГЫР;17;2;40
157;ЭМБИНСКИЙ;101670403;ЖЕМ;17;3;40
157;ЭМБИНСКИЙ;101670309;ЖУРЫН;17;2;40
157;ЭМБИНСКИЙ;101670333;ИЗЕМБЕТ;17;2;40
157;ЭМБИНСКИЙ;101670371;КУДЫК;17;4;40
157;ЭМБИНСКИЙ;101670422;КЫРГЫЗ;17;4;40
157;ЭМБИНСКИЙ;101670507;МУГАЛЖАР;17;1;40
157;ЭМБИНСКИЙ;101670808;СОЛЕНАЯ;17;2;40
157;ЭМБИНСКИЙ;101670352;ТАЛДЫСАЙ (РЗД);17;1;40
158;КАРАГАНДИНСКИЙ;101702708;КАЛАГИР;23;3;41
158;КАРАГАНДИНСКИЙ;101702407;КАРАБАС;23;3;41
158;КАРАГАНДИНСКИЙ;101700702;КАРАГАНДА-НОВАЯ;23;2;41
158;КАРАГАНДИНСКИЙ;101700007;КАРАГАНДА-СОРТИРОВОЧНАЯ;23;3;41
158;КАРАГАНДИНСКИЙ;101700204;НУРИНСКАЯ;23;3;41
158;КАРАГАНДИНСКИЙ;101701300;ТЕМИР-ТАУ;23;3;41
158;КАРАГАНДИНСКИЙ;101702604;ЧУРБАЙ-НУРА (ОП);23;3;41
159;САЯКСКИЙ;101704614;АКЖАЙДАК;16;2;41
159;САЯКСКИЙ;101704629;АЩИОЗЕК;16;2;41
159;САЯКСКИЙ;101704506;БАЛХАШ 1;16;3;41
159;САЯКСКИЙ;101704600;ОРТА-ДЕРЕСИН;16;3;41
159;САЯКСКИЙ;101704703;САЯК;16;3;41
159;САЯКСКИЙ;101704633;ТАГЫН-КАРА;16;3;41
160;АКМАЛИНСКИЙ;101690303;БАБАТАЙ;16;4;41
160;АКМАЛИНСКИЙ;101690407;ВИШНЕВКА;16;4;41
160;АКМАЛИНСКИЙ;101693411;ЕДЫГЕ(РЗД);16;3;41
160;АКМАЛИНСКИЙ;101693301;ЕРКЕНШИЛИК;16;2;41
162;АЛМА-АТИНСКИЙ;101710507;БАЙСЕРКЕ;19;3;42
162;АЛМА-АТИНСКИЙ;101709406;БУРУНДАЙ;19;2;42
162;АЛМА-АТИНСКИЙ;101710403;ЖЕТЫ-СУ;19;4;42
162;АЛМА-АТИНСКИЙ;101710600;ЖЕТЫГЕН;19;4;42
162;АЛМА-АТИНСКИЙ;101710808;ИЛИЙСКАЯ;19;4;42
162;АЛМА-АТИНСКИЙ;101710704;КАПЧАГАЙ;19;4;42
162;АЛМА-АТИНСКИЙ;101709302;ЧЕМОЛГАН;19;2;42
163;АКТОГАЙСКИЙ;101712644;АКБАЛЫК;24;2;42
163;АКТОГАЙСКИЙ;101712803;АКТОГАЙ;24;4;42
163;АКТОГАЙСКИЙ;101712822;ЖУЗ-АГАЧ;24;4;42
163;АКТОГАЙСКИЙ;101712606;ЛЕПСЫ;24;2;42
163;АКТОГАЙСКИЙ;101712502;МАТАЙ;24;3;42
163;АКТОГАЙСКИЙ;101713308;ТАНСЫК;24;4;42
164;АЯГУЗСКИЙ;101713444;АЙГЫРЖАЛ;24;3;42
164;АЯГУЗСКИЙ;101713401;АЯГУЗ;24;4;42
164;АЯГУЗСКИЙ;101713454;ЕНРЕКЕЙ (РЗД);24;3;42
164;АЯГУЗСКИЙ;101713384;КОШКЕНТАЛ;24;3;42
164;АЯГУЗСКИЙ;101713346;ТЕМЕКЛЫ;24;2;42
164;АЯГУЗСКИЙ;101713505;УШБИЙК;24;3;42
164;АЯГУЗСКИЙ;101713420;ЭГЫЗ-КЗЫЛ;24;2;42
165;ДРУЖБИНСКИЙ;101713100;БЕСКОЛЬ;24;4;42
165;ДРУЖБИНСКИЙ;101713204;ДРУЖБА;24;4;42
165;ДРУЖБИНСКИЙ;101713153;КОКТУМА;24;2;42
165;ДРУЖБИНСКИЙ;101712887;САЙКАН (ОП);24;4;42
166;ЖАНГИЗ-ТОБСКИЙ;101713647;БАЛАКТЫ-КОЛЬ;21;3;42
166;ЖАНГИЗ-ТОБСКИЙ;101713702;ЖАНГИЗ-ТОБЕ;21;4;42
166;ЖАНГИЗ-ТОБСКИЙ;101713609;ЖАРМА;21;3;42
166;ЖАНГИЗ-ТОБСКИЙ;101713628;КОПАН-БУЛАК;21;3;42
166;ЖАНГИЗ-ТОБСКИЙ;101713721;СУУРЛЫ;21;4;42
166;ЖАНГИЗ-ТОБСКИЙ;101713806;ЧАРСКАЯ;21;4;42
167;ЗАЩИТИНСКИЙ;101716503;ГЛУБОЧАНКА;24;0;42
167;ЗАЩИТИНСКИЙ;101716607;ЗАЩИТА;24;3;42
167;ЗАЩИТИНСКИЙ;101716402;ИРТЫШСКИЙ ЗАВОД;24;4;42
167;ЗАЩИТИНСКИЙ;101717608;НОВОУСТЬКАМЕНОГОРСК;24;4;42
167;ЗАЩИТИНСКИЙ;101716306;ПРЕДГОРНАЯ;24;3;42
167;ЗАЩИТИНСКИЙ;101715708;ТРЕТЬЯКОВО;24;2;42
167;ЗАЩИТИНСКИЙ;101717309;УСТЬ-КАМЕНОГОРСК;24;3;42
167;ЗАЩИТИНСКИЙ;101715801;ШЕМОНАИХА;24;3;42
168;ОТАРСКИЙ;101708808;БЕЛЬ;20;4;42
168;ОТАРСКИЙ;101709209;КАЗЫБЕК-БЕК;20;4;42
168;ОТАРСКИЙ;101709105;КОПА;20;3;42
168;ОТАРСКИЙ;101708901;ОТАР;20;4;42
168;ОТАРСКИЙ;101709001;ЧИЛЬБАСТАУ;20;4;42
168;ОТАРСКИЙ;101708704;ЧОКПАР;20;3;42
168;ОТАРСКИЙ;101708600;ЭСПЕ;20;2;42
169;САРЫ-ОЗЕКСКИЙ;101710901;АЙНА-БУЛАК;22;2;42
169;САРЫ-ОЗЕКСКИЙ;101711209;ЖОЛОМАН;22;4;42
169;САРЫ-ОЗЕКСКИЙ;101711001;КОСКУДУК;22;3;42
169;САРЫ-ОЗЕКСКИЙ;101711406;САРЫ-ОЗЕК;22;4;42
169;САРЫ-ОЗЕКСКИЙ;101711904;ТАЛДЫ-КУРГАН;22;3;42
169;САРЫ-ОЗЕКСКИЙ;101712004;ТЕКЕЛИ;22;2;42
169;САРЫ-ОЗЕКСКИЙ;101712201;УШ-ТОБЕ;22;4;42
170;СЕМИПАЛАТИНСКИЙ;101715106;АУЛ;27;3;42
170;СЕМИПАЛАТИНСКИЙ;101714902;БЕЛЬ-АГАЧ;27;4;42
170;СЕМИПАЛАТИНСКИЙ;101713929;ДЕЛЬБЕГЕТЕЙ;27;4;42
170;СЕМИПАЛАТИНСКИЙ;101714118;ДЮСАКЕН;27;2;42
170;СЕМИПАЛАТИНСКИЙ;101714508;ЖАЛПАК;27;4;42
170;СЕМИПАЛАТИНСКИЙ;101714001;ЖАНА-СЕМЕЙ;27;4;42
170;СЕМИПАЛАТИНСКИЙ;101714103;СЕМИПАЛАТИНСК;27;4;42
170;СЕМИПАЛАТИНСКИЙ;101713948;ШОПТЫХАК;27;4;42
171;ФРУНЗЕНСКИЙ;101705706;БЕЛОВОДСКАЯ;24;0;42
171;ФРУНЗЕНСКИЙ;101705903;БИШКЕК 1;24;0;42
171;ФРУНЗЕНСКИЙ;101706304;ИВАНОВКА;24;0;42
171;ФРУНЗЕНСКИЙ;101706200;КАНТ;24;0;42
171;ФРУНЗЕНСКИЙ;101705509;КАРАБАЛТА;24;0;42
171;ФРУНЗЕНСКИЙ;101706906;РЫБАЧЬЕ;24;0;42
171;ФРУНЗЕНСКИЙ;101706408;ТОКМАК;24;0;42
171;ФРУНЗЕНСКИЙ;101705806;ШОПОКОВО;24;0;42
173;АШХАБАДСКИЙ;101757401;АНЕВ;25;0;44
173;АШХАБАДСКИЙ;101758205;АРЧМАН;25;0;44
173;АШХАБАДСКИЙ;101757503;АШГАБАД;25;0;44
173;АШХАБАДСКИЙ;101758101;БАХАРДЕН;25;0;44
173;АШХАБАДСКИЙ;101757804;БЮЗМЕЙИН;25;0;44
173;АШХАБАДСКИЙ;101757908;ГЕКДЕПЕ;25;0;44
173;АШХАБАДСКИЙ;101757310;ГЯВЕРС;25;0;44
173;АШХАБАДСКИЙ;101758008;КЕЛЕТЕ;25;0;44
173;АШХАБАДСКИЙ;101757700;ОВЕЗБЕРДЫ КУЛИЕВ;25;0;44
174;ДУШАНБИНСКИЙ;101746104;АЙНИ;18;0;43
174;ДУШАНБИНСКИЙ;101745600;ДЕНАУ;18;0;43
174;ДУШАНБИНСКИЙ;101744908;КУРГАН-ТЮБЕ;18;0;43
174;ДУШАНБИНСКИЙ;101745807;РЕГАР;18;0;43
174;ДУШАНБИНСКИЙ;101745703;САРЫАСИЯ;18;0;43
174;ДУШАНБИНСКИЙ;101746000;ХАНАКА;18;0;43
174;ДУШАНБИНСКИЙ;101745900;ЧЕПТУРА;18;0;43
175;КИЗЫЛ-АРВАТСКИЙ;101758563;БАЛЛА-ИШЕМ;24;0;44
175;КИЗЫЛ-АРВАТСКИЙ;101758309;БАМЫ;24;0;44
175;КИЗЫЛ-АРВАТСКИЙ;101758421;ИСКАНДЕР;24;0;44
175;КИЗЫЛ-АРВАТСКИЙ;101758506;КАЗАНДЖЫК;24;0;44
175;КИЗЫЛ-АРВАТСКИЙ;101758328;КОЧ;24;0;44
175;КИЗЫЛ-АРВАТСКИЙ;101758402;КЫЗЫЛАРБАТ;24;0;44
175;КИЗЫЛ-АРВАТСКИЙ;101758607;НЕБИТ-ДАГ;24;0;44
175;КИЗЫЛ-АРВАТСКИЙ;101758440;УЗЫНСУВ;24;0;44
176;КУШКИНСКИЙ;101755705;ДАШКЕПРИ;19;0;44
176;КУШКИНСКИЙ;101755207;ЕЛОТЕН;19;0;44
176;КУШКИНСКИЙ;101755404;ИМАМ-БАБА;19;0;44
176;КУШКИНСКИЙ;101755902;КАЛАЙМОР;19;0;44
176;КУШКИНСКИЙ;101756106;КУШКА;19;0;44
176;КУШКИНСКИЙ;101755809;ТАГТАБАЗАР;19;0;44
177;МАРЫЙСКИЙ;101756411;ДЕРТГУЙЫ;26;0;44
177;МАРЫЙСКИЙ;101754308;ЗАХМЕТ;26;0;44
177;МАРЫЙСКИЙ;101754702;ИМ.ПОЛТОРАЦКОГО;26;0;44
177;МАРЫЙСКИЙ;101756407;КАРЫБАТА;26;0;44
177;МАРЫЙСКИЙ;101754401;КУРБАН-КАЛА;26;0;44
177;МАРЫЙСКИЙ;101754806;МАРЫ;26;0;44
177;МАРЫЙСКИЙ;101755103;СЕМЕНИК;26;0;44
177;МАРЫЙСКИЙ;101756619;ТАКИР;26;0;44
177;МАРЫЙСКИЙ;101756604;ТЕДЖЕН;26;0;44
178;САМАРКАНДСКИЙ;101731804;БУЛУНГУР;24;0;43
178;САМАРКАНДСКИЙ;101731700;ДЖАМБАЙ;24;0;43
178;САМАРКАНДСКИЙ;101730905;ДЖУМА;24;0;43
178;САМАРКАНДСКИЙ;101731607;ЗАРАФШАН;24;0;43
178;САМАРКАНДСКИЙ;101730604;КАТТАКУРГАН;24;0;43
178;САМАРКАНДСКИЙ;101731005;МАРОКАНД;24;0;43
178;САМАРКАНДСКИЙ;101730708;НУРБУЛАК;24;0;43
178;САМАРКАНДСКИЙ;101731503;САМАРКАНД;24;0;43
178;САМАРКАНДСКИЙ;101731407;УЛУГБЕК;24;0;43
179;ТАШКЕНТСКИЙ;101725803;АРАНЧИ;25;0;43
179;ТАШКЕНТСКИЙ;101726007;БОЗСУ;25;0;43
179;ТАШКЕНТСКИЙ;101725108;ДАРБАЗА;25;0;43
179;ТАШКЕНТСКИЙ;101725305;КЕЛЕС;25;0;43
179;ТАШКЕНТСКИЙ;101726609;ТАШКЕНТ-ТОВАРНЫЙ;25;0;43
179;ТАШКЕНТСКИЙ;101727902;УРТААУЛ;25;0;43
179;ТАШКЕНТСКИЙ;101728303;ЧИНАЗ;25;0;43
180;ТЕРМЕЗСКИЙ;101743708;БОЛДЫР;21;0;43
180;ТЕРМЕЗСКИЙ;101745008;ДЖАРКУРГАН;21;0;43
180;ТЕРМЕЗСКИЙ;101745205;КУМКУРГАН;21;0;43
180;ТЕРМЕЗСКИЙ;101743905;НАУШАХАР;21;0;43
180;ТЕРМЕЗСКИЙ;101745101;СУРХАНЫ;21;0;43
180;ТЕРМЕЗСКИЙ;101744109;ТЕРМЕЗ;21;0;43
180;ТЕРМЕЗСКИЙ;101744005;УЧКЫЗЫЛ;21;0;43
180;ТЕРМЕЗСКИЙ;101743801;ШЕРАБАД;21;0;43
182;АЛАПАЕВСКИЙ;101786506;АЛАПАЕВСК;12;3;10
182;АЛАПАЕВСКИЙ;101786402;КОПТЕЛОВО;12;4;10
182;АЛАПАЕВСКИЙ;101786309;САМОЦВЕТ;12;2;10
182;АЛАПАЕВСКИЙ;101786703;СИНЯЧИХА;12;3;10
183;КАМЫШЛОВСКИЙ;101792808;АКСАРИХА;24;4;10
183;КАМЫШЛОВСКИЙ;101793209;БОГДАНОВИЧ;24;4;10
183;КАМЫШЛОВСКИЙ;101793105;ЕЛАНСКИЙ;24;5;10
183;КАМЫШЛОВСКИЙ;101792901;КАМЫШЛОВ;24;3;10
183;КАМЫШЛОВСКИЙ;101793001;КОКШАРОВСКИЙ;24;4;10
183;КАМЫШЛОВСКИЙ;101792704;ОЩЕПКОВО;24;4;10
183;КАМЫШЛОВСКИЙ;101792600;ТАЛИЦА;24;3;10
184;КУШВИНСКИЙ;101772908;АЗИАТСКАЯ;10;2;10
184;КУШВИНСКИЙ;101773309;ВЕРХНЯЯ;10;2;10
184;КУШВИНСКИЙ;101772607;ГОРОБЛАГОДАТСКАЯ;10;3;10
184;КУШВИНСКИЙ;101773101;КУШВА;10;2;10
184;КУШВИНСКИЙ;101770258;ЛАЯ;10;3;10
185;ПЕРМСКИЙ;101763608;ЕРГАЧ;24;4;10
185;ПЕРМСКИЙ;101763100;КУКУШТАН;24;4;10
185;ПЕРМСКИЙ;101763701;КУНГУР;24;5;10
185;ПЕРМСКИЙ;101761706;МУЛЯНКА;24;4;10
185;ПЕРМСКИЙ;101761509;ФЕРМА;24;3;10
185;ПЕРМСКИЙ;101763006;ЮГ;24;4;10
186;СВЕРДЛОВСКИЙ ВОСТОЧНЫЙ;101794409;АРАМИЛЬ;24;3;10
186;СВЕРДЛОВСКИЙ ВОСТОЧНЫЙ;101793503;БАЖЕНОВО;24;3;10
186;СВЕРДЛОВСКИЙ ВОСТОЧНЫЙ;101785005;БЕРЕЗИТ;24;2;10
186;СВЕРДЛОВСКИЙ ВОСТОЧНЫЙ;101785109;КЕДРОВКА;24;3;10
186;СВЕРДЛОВСКИЙ ВОСТОЧНЫЙ;101794305;КОЛЬЦОВО;24;4;10
186;СВЕРДЛОВСКИЙ ВОСТОЧНЫЙ;101794606;КОЛЮТКИНО;24;2;10
186;СВЕРДЛОВСКИЙ ВОСТОЧНЫЙ;101794004;КОСУЛИНО;24;3;10
186;СВЕРДЛОВСКИЙ ВОСТОЧНЫЙ;101794709;МАРАМЗИНО;24;2;10
186;СВЕРДЛОВСКИЙ ВОСТОЧНЫЙ;101785202;МОНЕТНАЯ;24;2;10
186;СВЕРДЛОВСКИЙ ВОСТОЧНЫЙ;101781108;СЫСЕРТЬ;24;2;10
187;СВЕРДЛОВСКИЙ ЗАПАДНЫЙ;101781907;БИЛИМБАЙ;18;4;10
187;СВЕРДЛОВСКИЙ ЗАПАДНЫЙ;101782100;КОУРОВКА;18;2;10
187;СВЕРДЛОВСКИЙ ЗАПАДНЫЙ;101781701;ПЕРВОУРАЛЬСК;18;4;10
187;СВЕРДЛОВСКИЙ ЗАПАДНЫЙ;101781803;ПОДВОЛОШНАЯ;18;2;10
187;СВЕРДЛОВСКИЙ ЗАПАДНЫЙ;101781409;РЕВДА;18;4;10
187;СВЕРДЛОВСКИЙ ЗАПАДНЫЙ;101781502;ХРУСТАЛЬНАЯ;18;2;10
188;ТЮМЕНСКИЙ;101790709;БОГАНДИНСКАЯ;18;4;10
188;ТЮМЕНСКИЙ;101790605;ВИНЗИЛИ;18;4;10
188;ТЮМЕНСКИЙ;101790906;ЗАВОДОУКОВСКАЯ;18;3;10
188;ТЮМЕНСКИЙ;101790501;ОЗЕРО-АНДРЕЕВСКОЕ;18;4;10
188;ТЮМЕНСКИЙ;101790802;ЯЛУТОРОВСК;18;3;10
190;МАГНИТОГОРСКИЙ;101816928;АННЕНСК (ОБП);18;3;11
190;МАГНИТОГОРСКИЙ;101817403;БУРАННАЯ;18;4;11
190;МАГНИТОГОРСКИЙ;101817304;ГУМБЕЙКА;18;4;11
190;МАГНИТОГОРСКИЙ;101817102;ДЖАБЫК;18;3;11
190;МАГНИТОГОРСКИЙ;101817009;ЗАПАСНОЕ;18;2;11
190;МАГНИТОГОРСКИЙ;101817600;МАГНИТОГОРСК-ГРУЗОВОЙ;18;2;11
190;МАГНИТОГОРСКИЙ;101817206;СУБУТАК;18;2;11
191;ТОЦКИЙ;101810404;БОГАТОЕ;24;4;11
191;ТОЦКИЙ;101810809;БУЗУЛУК;24;4;11
191;ТОЦКИЙ;101810705;КОЛТУБАНКА;24;3;11
191;ТОЦКИЙ;101811002;ПОГРОМНОЕ;24;4;11
191;ТОЦКИЙ;101811201;СОРОЧИНСКАЯ;24;4;11
191;ТОЦКИЙ;101811106;ТОЦКАЯ;24;5;11
192;ЧЕБАРКУЛЬСКИЙ;101805001;БИШКИЛЬ;24;5;11
192;ЧЕБАРКУЛЬСКИЙ;101805302;МИАСС 1;24;2;11
192;ЧЕБАРКУЛЬСКИЙ;101805502;МИАСС 2;24;5;11
192;ЧЕБАРКУЛЬСКИЙ;101805105;МИСЯШ;24;4;11
192;ЧЕБАРКУЛЬСКИЙ;101804808;ПОЛЕТАЕВО 1;24;2;11
192;ЧЕБАРКУЛЬСКИЙ;101804723;ПОЛЕТАЕВО 2 (РЗД);24;5;11
192;ЧЕБАРКУЛЬСКИЙ;101805209;ЧЕБАРКУЛЬ;24;3;11
193;ЧЕЛЯБИНСКИЙ;101803101;АРГАЯШ;24;4;11
193;ЧЕЛЯБИНСКИЙ;101802925;БИЖЕЛЯК;24;2;11
193;ЧЕЛЯБИНСКИЙ;101804600;ЕМАНЖЕЛИНСК;24;2;11
193;ЧЕЛЯБИНСКИЙ;101803203;ЕССАУЛЬСКАЯ;24;3;11
193;ЧЕЛЯБИНСКИЙ;101804403;КРАСНОСЕЛКА;24;3;11
193;ЧЕЛЯБИНСКИЙ;101804102;НИЖНЕУВЕЛЬСКАЯ;24;2;11
193;ЧЕЛЯБИНСКИЙ;101803006;НОВОГОРНАЯ;24;3;11
193;ЧЕЛЯБИНСКИЙ;101804206;ФОРМАЧЕВО;24;3;11
193;ЧЕЛЯБИНСКИЙ;101804307;ЮЖНОУРАЛЬСК;24;2;11
194;ШАДРИНСКИЙ;101827829;БАРНЕВКА;24;2;11
194;ШАДРИНСКИЙ;101827602;ДАЛМАТОВО;24;3;11
194;ШАДРИНСКИЙ;101828200;ИКОВКА;24;3;11
194;ШАДРИНСКИЙ;101827903;КАРГАПОЛЬЕ;24;3;11
194;ШАДРИНСКИЙ;101827509;КАТАЙСК;24;3;11
194;ШАДРИНСКИЙ;101827852;КАЧУСОВО;24;4;11
194;ШАДРИНСКИЙ;101828107;КОСОБРОДСК;24;3;11
194;ШАДРИНСКИЙ;101827706;ЛЕЩЕВО-ЗАМАРАЕВО;24;4;11
194;ШАДРИНСКИЙ;101827805;ШАДРИНСК;24;5;11
197;АЛЕЙСКИЙ;101844307;АЛЕЙСКАЯ;24;4;12
197;АЛЕЙСКИЙ;101844608;КАЛМАНКА;24;4;12
197;АЛЕЙСКИЙ;101843906;ПОСПЕЛИХА;24;4;12
197;АЛЕЙСКИЙ;101844504;ТОПЧИХА;24;4;12
197;АЛЕЙСКИЙ;101844006;ХЛОПУНОВО;24;4;12
197;АЛЕЙСКИЙ;101844100;ШИПУНОВО;24;4;12
198;НОВОСИБИРСКИЙ;101854402;БОЛОТНАЯ;18;2;12
198;НОВОСИБИРСКИЙ;101851620;МОЧИЩЕ;18;4;12
198;НОВОСИБИРСКИЙ;101854101;МОШКОВО;18;3;12
198;НОВОСИБИРСКИЙ;101854205;ОЯШ;18;2;12
198;НОВОСИБИРСКИЙ;101851809;СОКУР;18;4;12
198;НОВОСИБИРСКИЙ;101854309;ЧЕБУЛА;18;3;12
199;ОМСКИЙ;101830018;ГУСТАФЬЕВО (ОБП);24;4;12
199;ОМСКИЙ;101832808;КАЛАЧИНСКАЯ;24;4;12
199;ОМСКИЙ;101832901;КОЛОНИЯ;24;3;12
199;ОМСКИЙ;101832704;КОРМИЛОВКА;24;4;12
199;ОМСКИЙ;101830003;МОСКОВКА;24;5;12
199;ОМСКИЙ;101830041;СЫРОПЯТСКОЕ (ОБП);24;4;12
200;ЧЕРЛАКСКИЙ;101835308;ЧЕРЛАК;2;2;12
202;ЮРГИНСКИЙ;101870706;АРЛЮК;15;3;12
202;ЮРГИНСКИЙ;101871107;ТОПКИ;15;2;12
202;ЮРГИНСКИЙ;101870801;ШИШИНО;15;2;12
202;ЮРГИНСКИЙ;101870405;ЮРГА 1;15;4;12
202;ЮРГИНСКИЙ;101870602;ЮРГА 2;15;4;12
205;АБАКАНСКИЙ;101887500;АБАЗА;24;6;14
205;АБАКАНСКИЙ;101888004;АБАКАН;24;4;14
205;АБАКАНСКИЙ;101887001;АСКИЗ;24;3;14
205;АБАКАНСКИЙ;101887209;БЕЛЬТЫРЫ;24;1;14
205;АБАКАНСКИЙ;101888305;МИНУСИНСК;24;3;14
205;АБАКАНСКИЙ;101886206;ОРОСИТЕЛЬНЫЙ;24;2;14
205;АБАКАНСКИЙ;101887800;ТАШЕБА;24;3;14
205;АБАКАНСКИЙ;101887660;ХОНЫХ;24;2;14
206;БИЙСКИЙ;101841309;БАТУННАЯ;24;3;12
206;БИЙСКИЙ;101842602;ЗАГАЙНОВО;24;4;12
206;БИЙСКИЙ;101843003;ЗОНАЛЬНЫЙ;24;4;12
206;БИЙСКИЙ;101842208;ОВЧИННИКОВО;24;4;12
206;БИЙСКИЙ;101843107;ЧЕМРОВКА;24;5;12
206;БИЙСКИЙ;101841205;ШПАГИНО;24;4;12
207;БРАТСКИЙ;101924906;АНЗЕБИ;24;5;15
207;БРАТСКИЙ;101924605;БРАТСК;24;3;15
207;БРАТСКИЙ;101924408;ВИХОРЕВКА;24;6;15
207;БРАТСКИЙ;101924910;ГАЛАЧИНСКИЙ(РАЗ.);24;4;15
207;БРАТСКИЙ;101925006;ПАДУНСКИЕ ПОРОГИ;24;3;15
207;БРАТСКИЙ;101924304;ТУРМА;24;3;15
208;ГУСИНООЗЕРСКИЙ;101936301;БАРАТЫ;21;3;15
208;ГУСИНООЗЕРСКИЙ;101935987;ГАНЗУРИНО;21;3;15
208;ГУСИНООЗЕРСКИЙ;101936405;ГУСИНОЕ ОЗЕРО;21;3;15
208;ГУСИНООЗЕРСКИЙ;101936602;ДЖИДА;21;3;15
208;ГУСИНООЗЕРСКИЙ;101936208;ЗАГУСТАЙ;21;2;15
208;ГУСИНООЗЕРСКИЙ;101936509;СЕЛЕНДУМА;21;2;15
208;ГУСИНООЗЕРСКИЙ;101936104;СУЛЬФАТ;21;3;15
208;ГУСИНООЗЕРСКИЙ;101936068;УБУКУН;21;2;15
209;ИРКУТСКИЙ;101933002;БОЛЬШОЙ ЛУГ;24;4;15
209;ИРКУТСКИЙ;101932902;ГОНЧАРОВО;24;5;15
209;ИРКУТСКИЙ;101930004;ИРКУТСК-СОРТИРОВОЧНЫЙ;24;3;15
209;ИРКУТСКИЙ;101932809;КАЯ;24;3;15
209;ИРКУТСКИЙ;101933407;КУЛТУК;24;3;15
209;ИРКУТСКИЙ;101933106;ПОДКАМЕННАЯ;24;2;15
209;ИРКУТСКИЙ;101933303;СЛЮДЯНКА 1;24;4;15
210;МЫСОВСКИЙ;101934659;БОЯРСКИЙ;24;3;15
210;МЫСОВСКИЙ;101934005;ВЫДРИНО;24;3;15
210;МЫСОВСКИЙ;101934109;КЕДРОВАЯ-СИБИРСКАЯ;24;2;15
210;МЫСОВСКИЙ;101934325;МИШИХА;24;3;15
210;МЫСОВСКИЙ;101934607;МЫСОВАЯ;24;4;15
210;МЫСОВСКИЙ;101934306;ПЕРЕЕМНАЯ;24;3;15
210;МЫСОВСКИЙ;101934700;ПОСОЛЬСКАЯ;24;3;15
210;МЫСОВСКИЙ;101934202;ТАНХОЙ;24;3;15
211;НАУШКИНСКИЙ;101936903;НАУШКИ;7;4;15
211;НАУШКИНСКИЙ;101936807;ХАРАНХОЙ;7;3;15
212;НИЖНЕУДИНСКИЙ;101921700;БУДАГОВО;24;2;15
212;НИЖНЕУДИНСКИЙ;101921202;НИЖНЕУДИНСК;24;3;15
212;НИЖНЕУДИНСКИЙ;101922008;ТУЛУН;24;5;15
212;НИЖНЕУДИНСКИЙ;101921306;УДА 2;24;2;15
212;НИЖНЕУДИНСКИЙ;101921804;УТАЙ;24;3;15
212;НИЖНЕУДИНСКИЙ;101921409;ХИНГУЙ;24;3;15
212;НИЖНЕУДИНСКИЙ;101921503;ХУДОЕЛАНСКАЯ;24;3;15
212;НИЖНЕУДИНСКИЙ;101921607;ШЕБЕРТА;24;3;15
213;УЛАН-УДЭНСКИЙ;101935402;ДИВИЗИОННАЯ;24;3;15
213;УЛАН-УДЭНСКИЙ;101937802;ЗАИГРАЕВО;24;2;15
213;УЛАН-УДЭНСКИЙ;101938006;ИЛЬКА;24;3;15
213;УЛАН-УДЭНСКИЙ;101937709;ОНОХОЙ;24;4;15
213;УЛАН-УДЭНСКИЙ;101934908;СЕЛЕНГА;24;3;15
213;УЛАН-УДЭНСКИЙ;101937605;ТАЛЬЦЫ;24;3;15
213;УЛАН-УДЭНСКИЙ;101935205;ТАТАУРОВО;24;3;15
213;УЛАН-УДЭНСКИЙ;101934804;ТИМЛЮЙ;24;3;15
215;БЕЛОГОРСКИЙ;101954009;АРГА;24;2;16
215;БЕЛОГОРСКИЙ;101950008;БЕЛОГОРСК;24;4;16
215;БЕЛОГОРСКИЙ;101954403;БЕРЕЗОВСКИЙ-ВОСТОЧНЫЙ;24;4;16
215;БЕЛОГОРСКИЙ;101955209;ВОЗЖАЕВКА;24;4;16
215;БЕЛОГОРСКИЙ;101954102;СЕРЫШЕВО;24;2;16
215;БЕЛОГОРСКИЙ;101954308;СРЕДНЕБЕЛАЯ;24;4;16
215;БЕЛОГОРСКИЙ;101954206;ТОМИЧИ;24;2;16
215;БЕЛОГОРСКИЙ;101954117;УКРАИНА;24;2;16
216;БОРЗИНСКИЙ;101944401;БЕЗРЕЧНАЯ;22;4;16
216;БОРЗИНСКИЙ;101944702;БОРЗЯ;22;4;16
216;БОРЗИНСКИЙ;101944308;МИРНАЯ;22;4;16
216;БОРЗИНСКИЙ;101944505;ХАДАБУЛАК;22;3;16
216;БОРЗИНСКИЙ;101944613;ШЕРЛОВАЯ;22;3;16
216;БОРЗИНСКИЙ;101944100;ЯСНАЯ;22;4;16
217;ЗАБАЙКАЛЬСКИЙ;101946708;БИЛЮТУЙ;22;4;16
217;ЗАБАЙКАЛЬСКИЙ;101946604;ДАУРИЯ;22;6;16
217;ЗАБАЙКАЛЬСКИЙ;101946801;ЗАБАЙКАЛЬСК;22;5;16
217;ЗАБАЙКАЛЬСКИЙ;101946727;МАЦИЕВСКАЯ;22;4;16
217;ЗАБАЙКАЛЬСКИЙ;101945404;ХАРАНОР;22;3;16
218;ЗАВИТИНСКИЙ;101956305;БУРЕЯ;22;4;16
218;ЗАВИТИНСКИЙ;101955800;ВОСКРЕСЕНОВКА;22;4;16
218;ЗАВИТИНСКИЙ;101955603;ЗАВИТАЯ;22;4;16
218;ЗАВИТИНСКИЙ;101956907;РАЙЧИХИНСК;22;4;16
218;ЗАВИТИНСКИЙ;101956313;ТЮКАН;22;3;16
218;ЗАВИТИНСКИЙ;101956709;ХОЛОДНЫЙ КЛЮЧ;22;3;16
219;КАРЫМСКИЙ;101942302;АНТИПИХА;24;4;16
219;КАРЫМСКИЙ;101942506;АТАМАНОВКА;24;4;16
219;КАРЫМСКИЙ;101942603;КРУЧИНА;24;3;16
219;КАРЫМСКИЙ;101942800;МАККАВЕЕВО;24;3;16
219;КАРЫМСКИЙ;101942707;НОВАЯ;24;3;16
219;КАРЫМСКИЙ;101942406;ПЕСЧАНКА;24;4;16
219;КАРЫМСКИЙ;101943004;ТУРИНСКАЯ;24;3;16
220;МАГДАГАЧИНСКИЙ;101952408;ГОНЖА;18;4;16
220;МАГДАГАЧИНСКИЙ;101952516;КРАСНАЯ ПАДЬ;18;3;16
220;МАГДАГАЧИНСКИЙ;101952501;МАГДАГАЧИ;18;4;16
220;МАГДАГАЧИНСКИЙ;101952709;ТЫГДА;18;4;16
220;МАГДАГАЧИНСКИЙ;101952906;УШУМУН;18;3;16
221;МОГОЧИНСКИЙ;101951104;АМАЗАР;18;4;16
221;МОГОЧИНСКИЙ;101950606;КСЕНЬЕВСКАЯ;18;6;16
221;МОГОЧИНСКИЙ;101950807;МОГОЧА;18;2;16
221;МОГОЧИНСКИЙ;101950737;РАЗДОЛЬНОЕ;18;3;16
221;МОГОЧИНСКИЙ;101950900;ТАПТУГАРЫ;18;3;16
222;ОЛОВЯННИНСКИЙ;101943606;АГА;22;3;16
222;ОЛОВЯННИНСКИЙ;101943714;БУЛАК;22;3;16
222;ОЛОВЯННИНСКИЙ;101943409;МОГОЙТУЙ;22;4;16
222;ОЛОВЯННИНСКИЙ;101943502;ОСТРЕЧНАЯ;22;3;16
222;ОЛОВЯННИНСКИЙ;101943803;СТЕПЬ;22;6;16
223;ПЕТРОВСК-ЗАВОДСКОЙ;101940701;БАДА;12;3;16
223;ПЕТРОВСК-ЗАВОДСКОЙ;101940307;БАЛЯГА;12;3;16
223;ПЕТРОВСК-ЗАВОДСКОЙ;101940105;ПЕТРОВСКИЙ ЗАВОД;12;4;16
223;ПЕТРОВСК-ЗАВОДСКОЙ;101940400;ТАРБАГАТАЙ;12;2;16
224;ПРИАРГУНСКИЙ;101945601;АРАБАТУК;13;2;16
224;ПРИАРГУНСКИЙ;101946002;ДОСАТУЙ;13;4;16
224;ПРИАРГУНСКИЙ;101945809;МАРГУЦЕК;13;2;16
224;ПРИАРГУНСКИЙ;101946106;ПРИАРГУНСК;13;3;16
224;ПРИАРГУНСКИЙ;101945902;УРУЛЮНГУЙ;13;2;16
225;СВОБОДНЕНСКИЙ;101953400;БУЗУЛИ;20;4;16
225;СВОБОДНЕНСКИЙ;101953307;ЛЕДЯНАЯ;20;3;16
225;СВОБОДНЕНСКИЙ;101953701;МИХАЙЛО-ЧЕСНОКОВСКАЯ;20;3;16
225;СВОБОДНЕНСКИЙ;101953608;СВОБОДНЫЙ;20;6;16
225;СВОБОДНЕНСКИЙ;101953504;УСТЬ-ПЕРА;20;4;16
226;СКОВОРОДИНСКИЙ;101952107;БОЛЬШОЙ НЕВЕР;18;4;16
226;СКОВОРОДИНСКИЙ;101951621;ИМАЧИ;18;4;16
226;СКОВОРОДИНСКИЙ;101952126;КОВАЛИ;18;2;16
226;СКОВОРОДИНСКИЙ;101951706;СКОВОРОДИНО;18;5;16
226;СКОВОРОДИНСКИЙ;101951509;ТАХТАМЫГДА;18;3;16
227;СРЕТЕНСКИЙ;101949000;АРЕДА;21;3;16
227;СРЕТЕНСКИЙ;101948609;КОКУЙ;21;2;16
227;СРЕТЕНСКИЙ;101948402;КУЭНГА;21;2;16
227;СРЕТЕНСКИЙ;101948309;НЕРЧИНСК;21;3;16
227;СРЕТЕНСКИЙ;101948101;ПРИИСКОВАЯ;21;2;16
227;СРЕТЕНСКИЙ;101948703;СРЕТЕНСК;21;3;16
227;СРЕТЕНСКИЙ;101947908;ШИЛКА-ТОВАРНАЯ;21;6;16
228;ЧИТИНСКИЙ;101941901;ДОМНА;22;6;16
228;ЧИТИНСКИЙ;101941808;ИНГОДА;22;1;16
228;ЧИТИНСКИЙ;101942105;КАДАЛА;22;3;16
228;ЧИТИНСКИЙ;101941600;ЛЕСНАЯ;22;4;16
228;ЧИТИНСКИЙ;101942001;ЧЕРНОВСКАЯ;22;3;16
228;ЧИТИНСКИЙ;101940006;ЧИТА 1;22;5;16
230;АРХАРИНСКИЙ;101960601;АРХАРА;9;6;17
230;АРХАРИНСКИЙ;101960705;ТАТАКАН;9;3;17
231;БИРОБИДЖАНСКИЙ;101963116;БАБСТОВО;18;2;17
231;БИРОБИДЖАНСКИЙ;101962804;БИРОБИДЖАН 1;18;3;17
231;БИРОБИДЖАНСКИЙ;101963008;БИРОБИДЖАН 2;18;4;17
231;БИРОБИДЖАНСКИЙ;101963027;БИРОФЕЛЬД;18;5;17
231;БИРОБИДЖАНСКИЙ;101963101;УНГУН;18;4;17
232;БИКИНСКИЙ;101972204;БИКИН;13;4;17
232;БИКИНСКИЙ;101972401;БУРЛИТ-ВОЛОЧАЕВСКИЙ;13;3;17
232;БИКИНСКИЙ;101972609;ЛАСТОЧКА;13;2;17
232;БИКИНСКИЙ;101972100;РОЗЕНГАРТОВКА;13;4;17
233;БАРАНОВСКИЙ;101988202;БАНЕВУРОВО;19;0;17
233;БАРАНОВСКИЙ;101986813;БАРАНОВСКИЙ;19;3;17
233;БАРАНОВСКИЙ;101977000;ДУБИНИНСКИЙ;19;4;17
233;БАРАНОВСКИЙ;101986508;НАДЕЖДИНСКАЯ;19;0;17
233;БАРАНОВСКИЙ;101986809;РАЗДОЛЬНОЕ;19;4;17
233;БАРАНОВСКИЙ;101988306;УССУРИЙСК;19;8;17
234;ВАРФОЛОМЕЕВСКИЙ;101976205;АРСЕНЬЕВ;14;2;17
234;ВАРФОЛОМЕЕВСКИЙ;101976402;ВАРФОЛОМЕЕВКА;14;3;17
234;ВАРФОЛОМЕЕВСКИЙ;101975804;РЕТИХОВКА;14;2;17
234;ВАРФОЛОМЕЕВСКИЙ;101976309;СЫСОЕВКА;14;4;17
234;ВАРФОЛОМЕЕВСКИЙ;101976101;ЧЕРНЫШЕВКА;14;3;17
235;ГРОДЕКОВСКИЙ;101988700;ВОЗДВИЖЕНСКИЙ;22;4;17
235;ГРОДЕКОВСКИЙ;101988804;ГОЛЕНКИ;22;4;17
235;ГРОДЕКОВСКИЙ;101989101;ГРОДЕКОВО 2;22;3;17
235;ГРОДЕКОВСКИЙ;101988908;ЛИПОВЦЫ;22;4;17
235;ГРОДЕКОВСКИЙ;101989008;ПРЖЕВАЛЬСКАЯ;22;7;17
236;ДАЛЬНЕРЕЧЕНСКИЙ;101973404;ГРУШЕВОЕ;16;4;17
236;ДАЛЬНЕРЕЧЕНСКИЙ;101972806;ДАЛЬНЕРЕЧЕНСК 1;16;4;17
236;ДАЛЬНЕРЕЧЕНСКИЙ;101973207;ДАЛЬНЕРЕЧЕНСК 2;16;4;17
236;ДАЛЬНЕРЕЧЕНСКИЙ;101973300;ЛАЗО;16;4;17
237;КРАСКИНСКИЙ;101987587;БАМБУРОВО;23;3;17
237;КРАСКИНСКИЙ;101987500;ГВОЗДЕВО;23;3;17
237;КРАСКИНСКИЙ;101987604;КРАСКИНО;23;4;17
237;КРАСКИНСКИЙ;101987407;МАХАЛИНО;23;3;17
237;КРАСКИНСКИЙ;101987708;ПОСЬЕТ;23;3;17
237;КРАСКИНСКИЙ;101988109;ПРИМОРСКАЯ;23;4;17
237;КРАСКИНСКИЙ;101987568;РЯЗАНОВКА;23;3;17
238;КОМСОМОЛЬСКИЙ;101960103;КОМСОМОЛЬСК-НА-АМУРЕ;22;6;17
238;КОМСОМОЛЬСКИЙ;101960007;КОМСОМОЛЬСК-СОРТИРОВОЧНЫЙ;22;5;17
238;КОМСОМОЛЬСКИЙ;101965501;МЫЛКИ;22;3;17
238;КОМСОМОЛЬСКИЙ;101965709;ПИВАНЬ;22;3;17
238;КОМСОМОЛЬСКИЙ;101966006;СЕЛИХИН;22;2;17
238;КОМСОМОЛЬСКИЙ;101965605;ХУРБА;22;3;17
239;ЛЕСОЗАВОДСКИЙ;101973719;ЛЕСОЗАВОДСК 2;14;4;17
239;ЛЕСОЗАВОДСКИЙ;101973508;ПРОХАСКО;14;3;17
239;ЛЕСОЗАВОДСКИЙ;101973705;РУЖИНО;14;4;17
239;ЛЕСОЗАВОДСКИЙ;101974002;СУНГАЧ;14;2;17
239;ЛЕСОЗАВОДСКИЙ;101973902;ШМАКОВКА;14;3;17
240;НОВОКАЧАЛИНСКИЙ;101975306;КАМЕНЬ-РЫБОЛОВ;10;4;17
240;НОВОКАЧАЛИНСКИЙ;101975503;НОВОКАЧАЛИНСК;10;3;17
240;НОВОКАЧАЛИНСКИЙ;101975202;ХОРОЛЬСК;10;3;17
241;ОБЛУЧЕНСКИЙ;101962005;БИРАКАН;13;4;17
241;ОБЛУЧЕНСКИЙ;101961407;ОБЛУЧЬЕ;13;4;17
241;ОБЛУЧЕНСКИЙ;101961411;УДАРНЫЙ;13;2;17
241;ОБЛУЧЕНСКИЙ;101961303;ЯДРИН;13;3;17
242;ПАРТИЗАНСКИЙ;101984517;БАРХАТНАЯ;11;2;17
242;ПАРТИЗАНСКИЙ;101984409;КУЗНЕЦОВО;11;3;17
242;ПАРТИЗАНСКИЙ;101984502;НАХОДКА;11;3;17
242;ПАРТИЗАНСКИЙ;101983800;ПАРТИЗАНСК;11;4;17
243;ПОРОНАЙСКИЙ;101996603;БУЮКЛЫ;13;2;19
243;ПОРОНАЙСКИЙ;101996406;ОЛЕНЬ-САХАЛИНСКИЙ;13;3;19
243;ПОРОНАЙСКИЙ;101996904;ПОБЕДИНО-САХАЛИНСКОЕ;13;2;19
243;ПОРОНАЙСКИЙ;101996302;ПОРОНАЙСК;13;3;19
243;ПОРОНАЙСКИЙ;101996800;СМИРНЫХ-САХАЛИНСКИЙ;13;3;19
244;СИБИРЦЕВСКИЙ;101976703;ИППОЛИТОВКА;24;4;17
244;СИБИРЦЕВСКИЙ;101974500;КНОРРИНГ;24;4;17
244;СИБИРЦЕВСКИЙ;101974604;МУЧНАЯ;24;4;17
244;СИБИРЦЕВСКИЙ;101976807;ОЗЕРНАЯ ПАДЬ;24;0;17
244;СИБИРЦЕВСКИЙ;101974801;СИБИРЦЕВО;24;4;17
244;СИБИРЦЕВСКИЙ;101974303;СПАССК-ДАЛЬНИЙ;24;8;17
245;СОВГАВАНЬСКИЙ;101968302;ДЕСНА;8;2;17
245;СОВГАВАНЬСКИЙ;101967403;ЛАНДЫШИ;8;2;17
245;СОВГАВАНЬСКИЙ;101968209;СОВЕТСКАЯ ГАВАНЬ-СОРТ.;8;4;17
246;СМОЛЯНИНОВСКИЙ;101983505;НОВОНЕЖИНО;18;3;17
246;СМОЛЯНИНОВСКИЙ;101983001;ПЕТРОВКА;18;3;17
246;СМОЛЯНИНОВСКИЙ;101982808;СМОЛЯНИНОВО;18;5;17
246;СМОЛЯНИНОВСКИЙ;101982206;УГЛОВАЯ;18;2;17
246;СМОЛЯНИНОВСКИЙ;101982704;ШКОТОВО;18;4;17
247;ХОЛМСКИЙ;101994701;ПЕНЗЕНСКАЯ;10;2;19
247;ХОЛМСКИЙ;101994203;ПИОНЕРЫ-САХАЛИНСКИЕ;10;2;19
247;ХОЛМСКИЙ;101993304;ХОЛМСК;10;4;19
247;ХОЛМСКИЙ;101994400;ЧЕХОВ-САХАЛИНСКИЙ;10;2;19
248;ХОРСКИЙ;101971409;ВЕРИНО;18;4;17
248;ХОРСКИЙ;101971907;ВЯЗЕМСКАЯ;18;4;17
248;ХОРСКИЙ;101971201;КОРФОВСКАЯ;18;3;17
248;ХОРСКИЙ;101971305;КРУГЛИКОВО;18;3;17
248;ХОРСКИЙ;101971517;ХАКА;18;4;17
249;ЮЖНО-САХАЛИНСКИЙ;101990400;ДАЧНОЕ-САХАЛИНСКОЕ;17;3;19
249;ЮЖНО-САХАЛИНСКИЙ;101990005;КОРСАКОВ;17;3;19
249;ЮЖНО-САХАЛИНСКИЙ;101991205;НОВОАЛЕКСАНДРОВКА;17;2;19
249;ЮЖНО-САХАЛИНСКИЙ;101991506;СОКОЛ;17;3;19
249;ЮЖНО-САХАЛИНСКИЙ;101990607;ХРИСТОФОРОВКА;17;3;19
249;ЮЖНО-САХАЛИНСКИЙ;101990700;ЮЖНО-САХАЛИНСК;17;3;19
251;ПОСТЫШЕВСКИЙ;101918801;АМГУНЬ;15;4;17
251;ПОСТЫШЕВСКИЙ;101918604;ДЖАМКУ;15;3;17
251;ПОСТЫШЕВСКИЙ;101918905;ПОСТЫШЕВО;15;4;17
251;ПОСТЫШЕВСКИЙ;101919202;ЭВОРОН;15;4;17
252;УРГАЛЬСКИЙ;101918407;СУЛУК;12;3;17
252;УРГАЛЬСКИЙ;101917300;УРГАЛ 1;12;4;17
252;УРГАЛЬСКИЙ;101917207;ЧЕГДОМЫН;12;2;17
252;УРГАЛЬСКИЙ;101917315;ЧЕМЧУКО (РЗД);12;3;17
253;ТОМСКИЙ(1);101875108;АСИНО;10;5;12
253;ТОМСКИЙ(1);101874904;ИТАТКА;10;3;12
253;ТОМСКИЙ(1);101874707;ТУГАН;10;2;12
254;ТОМСКИЙ(2);101876331;ИВЕРКА (ОБП);8;2;12
254;ТОМСКИЙ(2);101876308;ИЖМОРСКАЯ;8;2;12
254;ТОМСКИЙ(2);101876007;СУДЖЕНКА;8;2;12
254;ТОМСКИЙ(2);101876204;ЯЯ;8;2;12
